72
10
63
65
-13
77
39
18
16
20
-13
-14
-6
-11
42
39
62
-20
-2
34
67
13
-3
31
37
35
58
-2
76
12
67
46
7
16
13
32
3
32
44
67
25
-17
84
14
30
40
54
25
12
17
75
46
-7
70
26
-17
26
79
49
-10
30
3
32
70
66
62
18
51
1
62
47
26
-2
45
80
73
36
18
49
54
16
33
66
-17
46
19
58
66
27
30
75
22
43
80
5
73
46
50
83
44
-71
-103
121
229
24
6
42
328
-35
188
-36
59
278
77
304
-67
12
-46
117
17
229
314
198
284
292
45
279
179
104
286
166
1
265
94
383
-118
212
204
105
27
145
161
409
72
4
230
60
209
6
54
202
202
272
322
54
63
-63
150
-86
-57
-2
-114
-70
-11
255
352
260
-88
405
259
72
-81
339
-89
85
-86
376
40
32
-36
67
56
-110
230
187
-69
193
138
47
-12
83
344
363
-85
346
325
170
363
21
325
-450
481
456
-391
-311
485
215
-381
-425
434
307
554
-456
564
157
125
0
772
493
147
595
-157
695
485
665
-23
-175
-251
15
456
566
53
616
-67
-200
346
456
-43
70
-152
98
-272
171
397
83
640
-222
319
500
-441
380
425
631
795
523
461
-62
-325
32
-172
-376
-175
431
-421
-457
367
740
826
-53
71
-433
299
-216
37
692
21
-272
276
746
-285
666
672
524
-241
233
11
214
138
132
477
815
819
502
-336
-306
138
145
361
472
-58
72
10
63
65
-13
77
39
18
16
20
-13
-14
-6
-11
42
39
62
-20
-2
34
67
13
-3
31
37
35
58
-2
76
12
67
46
7
16
13
32
3
32
44
67
25
-17
84
14
30
40
54
25
12
17
75
46
-7
70
26
-17
26
79
49
-10
30
3
32
70
66
62
18
51
1
62
47
26
-2
45
80
73
36
18
49
54
16
33
66
-17
46
19
58
66
27
30
75
22
43
80
5
73
46
50
83
44
-71
-103
121
229
24
6
42
328
-35
188
-36
59
278
77
304
-67
12
-46
117
17
229
314
198
284
292
45
279
179
104
286
166
1
265
94
383
-118
212
204
105
27
145
161
409
72
4
230
60
209
6
54
202
202
272
322
54
63
-63
150
-86
-57
-2
-114
-70
-11
255
352
260
-88
405
259
72
-81
339
-89
85
-86
376
40
32
-36
67
56
-110
230
187
-69
193
138
47
-12
83
344
363
-85
346
325
170
363
21
325
-450
481
456
-391
-311
485
215
-381
-425
434
307
554
-456
564
157
125
0
772
493
147
595
-157
695
485
665
-23
-175
-251
15
456
566
53
616
-67
-200
346
456
-43
70
-152
98
-272
171
397
83
640
-222
319
500
-441
380
425
631
795
523
461
-62
-325
32
-172
-376
-175
431
-421
-457
367
740
826
-53
71
-433
299
-216
37
692
21
-272
276
746
-285
666
672
524
-241
233
11
214
138
132
477
815
819
502
-336
-306
138
145
361
472
-58
72
10
63
65
-13
77
39
18
16
20
-13
-14
-6
-11
42
39
62
-20
-2
34
67
13
-3
31
37
35
58
-2
76
12
67
46
7
16
13
32
3
32
44
67
25
-17
84
14
30
40
54
25
12
17
75
46
-7
70
26
-17
26
79
49
-10
30
3
32
70
66
62
18
51
1
62
47
26
-2
45
80
73
36
18
49
54
16
33
66
-17
46
19
58
66
27
30
75
22
43
80
5
73
46
50
83
44
-71
-103
121
229
24
6
42
328
-35
188
-36
59
278
77
304
-67
12
-46
117
17
229
314
198
284
292
45
279
179
104
286
166
1
265
94
383
-118
212
204
105
27
145
161
409
72
4
230
60
209
6
54
202
202
272
322
54
63
-63
150
-86
-57
-2
-114
-70
-11
255
352
260
-88
405
259
72
-81
339
-89
85
-86
376
40
32
-36
67
56
-110
230
187
-69
193
138
47
-12
83
344
363
-85
346
325
170
363
21
325
-450
481
456
-391
-311
485
215
-381
-425
434
307
554
-456
564
157
125
0
772
493
147
595
-157
695
485
665
-23
-175
-251
15
456
566
53
616
-67
-200
346
456
-43
70
-152
98
-272
171
397
83
640
-222
319
500
-441
380
425
631
795
523
461
-62
-325
32
-172
-376
-175
431
-421
-457
367
740
826
-53
71
-433
299
-216
37
692
21
-272
276
746
-285
666
672
524
-241
233
11
214
138
132
477
815
819
502
-336
-306
138
145
361
472
-58
72
10
63
65
-13
77
39
18
16
20
-13
-14
-6
-11
42
39
62
-20
-2
34
67
13
-3
31
37
35
58
-2
76
12
67
46
7
16
13
32
3
32
44
67
25
-17
84
14
30
40
54
25
12
17
75
46
-7
70
26
-17
26
79
49
-10
30
3
32
70
66
62
18
51
1
62
47
26
-2
45
80
73
36
18
49
54
16
33
66
-17
46
19
58
66
27
30
75
22
43
80
5
73
46
50
83
44
-71
-103
121
229
24
6
42
328
-35
188
-36
59
278
77
304
-67
12
-46
117
17
229
314
198
284
292
45
279
179
104
286
166
1
265
94
383
-118
212
204
105
27
145
161
409
72
4
230
60
209
6
54
202
202
272
322
54
63
-63
150
-86
-57
-2
-114
-70
-11
255
352
260
-88
405
259
72
-81
339
-89
85
-86
376
40
32
-36
67
56
-110
230
187
-69
193
138
47
-12
83
344
363
-85
346
325
170
363
21
325
-450
481
456
-391
-311
485
215
-381
-425
434
307
554
-456
564
157
125
0
772
493
147
595
-157
695
485
665
-23
-175
-251
15
456
566
53
616
-67
-200
346
456
-43
70
-152
98
-272
171
397
83
640
-222
319
500
-441
380
425
631
795
523
461
-62
-325
32
-172
-376
-175
431
-421
-457
367
740
826
-53
71
-433
299
-216
37
692
21
-272
276
746
-285
666
672
524
-241
233
11
214
138
132
477
815
819
502
-336
-306
138
145
361
472
-58
72
10
63
65
-13
77
39
18
16
20
-13
-14
-6
-11
42
39
62
-20
-2
34
67
13
-3
31
37
35
58
-2
76
12
67
46
7
16
13
32
3
32
44
67
25
-17
84
14
30
40
54
25
12
17
75
46
-7
70
26
-17
26
79
49
-10
30
3
32
70
66
62
18
51
1
62
47
26
-2
45
80
73
36
18
49
54
16
33
66
-17
46
19
58
66
27
30
75
22
43
80
5
73
46
50
83
44
-71
-103
121
229
24
6
42
328
-35
188
-36
59
278
77
304
-67
12
-46
117
17
229
314
198
284
292
45
279
179
104
286
166
1
265
94
383
-118
212
204
105
27
145
161
409
72
4
230
60
209
6
54
202
202
272
322
54
63
-63
150
-86
-57
-2
-114
-70
-11
255
352
260
-88
405
259
72
-81
339
-89
85
-86
376
40
32
-36
67
56
-110
230
187
-69
193
138
47
-12
83
344
363
-85
346
325
170
363
21
325
-450
481
456
-391
-311
485
215
-381
-425
434
307
554
-456
564
157
125
0
772
493
147
595
-157
695
485
665
-23
-175
-251
15
456
566
53
616
-67
-200
346
456
-43
70
-152
98
-272
171
397
83
640
-222
319
500
-441
380
425
631
795
523
461
-62
-325
32
-172
-376
-175
431
-421
-457
367
740
826
-53
71
-433
299
-216
37
692
21
-272
276
746
-285
666
672
524
-241
233
11
214
138
132
477
815
819
502
-336
-306
138
145
361
472
-58
72
10
63
65
-13
77
39
18
16
20
-13
-14
-6
-11
42
39
62
-20
-2
34
67
13
-3
31
37
35
58
-2
76
12
67
46
7
16
13
32
3
32
44
67
25
-17
84
14
30
40
54
25
12
17
75
46
-7
70
26
-17
26
79
49
-10
30
3
32
70
66
62
18
51
1
62
47
26
-2
45
80
73
36
18
49
54
16
33
66
-17
46
19
58
66
27
30
75
22
43
80
5
73
46
50
83
44
-71
-103
121
229
24
6
42
328
-35
188
-36
59
278
77
304
-67
12
-46
117
17
229
314
198
284
292
45
279
179
104
286
166
1
265
94
383
-118
212
204
105
27
145
161
409
72
4
230
60
209
6
54
202
202
272
322
54
63
-63
150
-86
-57
-2
-114
-70
-11
255
352
260
-88
405
259
72
-81
339
-89
85
-86
376
40
32
-36
67
56
-110
230
187
-69
193
138
47
-12
83
344
363
-85
346
325
170
363
21
325
-450
481
456
-391
-311
485
215
-381
-425
434
307
554
-456
564
157
125
0
772
493
147
595
-157
695
485
665
-23
-175
-251
15
456
566
53
616
-67
-200
346
456
-43
70
-152
98
-272
171
397
83
640
-222
319
500
-441
380
425
631
795
523
461
-62
-325
32
-172
-376
-175
431
-421
-457
367
740
826
-53
71
-433
299
-216
37
692
21
-272
276
746
-285
666
672
524
-241
233
11
214
138
132
477
815
819
502
-336
-306
138
145
361
472
-58
72
10
63
65
-13
77
39
18
16
20
-13
-14
-6
-11
42
39
62
-20
-2
34
67
13
-3
31
37
35
58
-2
76
12
67
46
7
16
13
32
3
32
44
67
25
-17
84
14
30
40
54
25
12
17
75
46
-7
70
26
-17
26
79
49
-10
30
3
32
70
66
62
18
51
1
62
47
26
-2
45
80
73
36
18
49
54
16
33
66
-17
46
19
58
66
27
30
75
22
43
80
5
73
46
50
83
44
-71
-103
121
229
24
6
42
328
-35
188
-36
59
278
77
304
-67
12
-46
117
17
229
314
198
284
292
45
279
179
104
286
166
1
265
94
383
-118
212
204
105
27
145
161
409
72
4
230
60
209
6
54
202
202
272
322
54
63
-63
150
-86
-57
-2
-114
-70
-11
255
352
260
-88
405
259
72
-81
339
-89
85
-86
376
40
32
-36
67
56
-110
230
187
-69
193
138
47
-12
83
344
363
-85
346
325
170
363
21
325
-450
481
456
-391
-311
485
215
-381
-425
434
307
554
-456
564
157
125
0
772
493
147
595
-157
695
485
665
-23
-175
-251
15
456
566
53
616
-67
-200
346
456
-43
70
-152
98
-272
171
397
83
640
-222
319
500
-441
380
425
631
795
523
461
-62
-325
32
-172
-376
-175
431
-421
-457
367
740
826
-53
71
-433
299
-216
37
692
21
-272
276
746
-285
666
672
524
-241
233
11
214
138
132
477
815
819
502
-336
-306
138
145
361
472
-58
72
10
63
65
-13
77
39
18
16
20
-13
-14
-6
-11
42
39
62
-20
-2
34
67
13
-3
31
37
35
58
-2
76
12
67
46
7
16
13
32
3
32
44
67
25
-17
84
14
30
40
54
25
12
17
75
46
-7
70
26
-17
26
79
49
-10
30
3
32
70
66
62
18
51
1
62
47
26
-2
45
80
73
36
18
49
54
16
33
66
-17
46
19
58
66
27
30
75
22
43
80
5
73
46
50
83
44
-71
-103
121
229
24
6
42
328
-35
188
-36
59
278
77
304
-67
12
-46
117
17
229
314
198
284
292
45
279
179
104
286
166
1
265
94
383
-118
212
204
105
27
145
161
409
72
4
230
60
209
6
54
202
202
272
322
54
63
-63
150
-86
-57
-2
-114
-70
-11
255
352
260
-88
405
259
72
-81
339
-89
85
-86
376
40
32
-36
67
56
-110
230
187
-69
193
138
47
-12
83
344
363
-85
346
325
170
363
21
325
-450
481
456
-391
-311
485
215
-381
-425
434
307
554
-456
564
157
125
0
772
493
147
595
-157
695
485
665
-23
-175
-251
15
456
566
53
616
-67
-200
346
456
-43
70
-152
98
-272
171
397
83
640
-222
319
500
-441
380
425
631
795
523
461
-62
-325
32
-172
-376
-175
431
-421
-457
367
740
826
-53
71
-433
299
-216
37
692
21
-272
276
746
-285
666
672
524
-241
233
11
214
138
132
477
815
819
502
-336
-306
138
145
361
472
-58
72
10
63
65
-13
77
39
18
16
20
-13
-14
-6
-11
42
39
62
-20
-2
34
67
13
-3
31
37
35
58
-2
76
12
67
46
7
16
13
32
3
32
44
67
25
-17
84
14
30
40
54
25
12
17
75
46
-7
70
26
-17
26
79
49
-10
30
3
32
70
66
62
18
51
1
62
47
26
-2
45
80
73
36
18
49
54
16
33
66
-17
46
19
58
66
27
30
75
22
43
80
5
73
46
50
83
44
-71
-103
121
229
24
6
42
328
-35
188
-36
59
278
77
304
-67
12
-46
117
17
229
314
198
284
292
45
279
179
104
286
166
1
265
94
383
-118
212
204
105
27
145
161
409
72
4
230
60
209
6
54
202
202
272
322
54
63
-63
150
-86
-57
-2
-114
-70
-11
255
352
260
-88
405
259
72
-81
339
-89
85
-86
376
40
32
-36
67
56
-110
230
187
-69
193
138
47
-12
83
344
363
-85
346
325
170
363
21
325
-450
481
456
-391
-311
485
215
-381
-425
434
307
554
-456
564
157
125
0
772
493
147
595
-157
695
485
665
-23
-175
-251
15
456
566
53
616
-67
-200
346
456
-43
70
-152
98
-272
171
397
83
640
-222
319
500
-441
380
425
631
795
523
461
-62
-325
32
-172
-376
-175
431
-421
-457
367
740
826
-53
71
-433
299
-216
37
692
21
-272
276
746
-285
666
672
524
-241
233
11
214
900
-900
138
132
477
815
819
502
-336
-306
138
145
361
472
-58
752
-457
144
451
-483
534
-681
57
-238
-125
495
32
-551
141
320
-768
34
838
-298
-352
-512
0
-499
341
-204
435
-27
179
-463
610
-872
-646
921
384
391
-159
-159
-469
-223
-591
508
219
583
639
-603
-513
-674
896
-605
-570
71
-798
32
-40
-202
294
533
-534
933
908
-449
541
815
-650
234
-845
767
936
192
-697
-743
-192
-445
-36
-430
285
588
120
691
68
743
819
863
488
353
-771
373
-999
421
210
-740
-584
442
-880
-110
365
-174
675
22
431
643
-964
699
-507
587
557
-538
-516
-855
264
449
416
860
283
925
488
-621
793
156
710
293
-610
984
-659
761
-511
592
159
677
595
177
-391
515
-537
274
-15
714
-691
-891
380
-813
-294
-588
-870
49
-20
844
-648
-839
-686
-764
-579
751
443
-340
425
196
-407
821
-159
-588
-794
-842
-187
-919
-506
-555
846
675
-84
-96
-155
-812
-173
-488
158
-533
711
-172
621
356
233
-269
-397
182
-52
36
562
733
609
512
537
766
-546
-431
-2
-647
120
117
-654
302
-901
-347
-417
589
-702
-851
-910
-518
334
-775
594
-305
-712
-689
-657
-445
43
-22
10
-685
-979
990
-986
473
417
602
630
352
-978
159
-236
-277
148
311
-385
403
-704
-493
-286
-701
-869
-461
856
-113
92
49
-991
54
-521
-565
884
902
807
-841
495
-882
-938
180
524
-524
575
659
196
670
-398
-606
218
908
-131
666
-101
-833
-277
950
-341
-402
-166
896
-847
561
-268
-30
758
-27
-572
-708
-451
178
-673
-233
-566
312
-477
637
680
170
341
-876
-538
-59
-721
547
-848
-327
-325
657
-606
485
-997
-71
152
261
104
881
-913
590
24
563
319
-319
321
23
-115
567
-31
208
685
49
-983
809
460
-935
439
342
-66
-560
-283
368
258
-796
-341
-734
976
38
237
-116
763
-707
144
-81
-86
-519
944
-566
327
756
64
788
897
-345
14
742
-217
-942
-423
-586
-704
411
-205
-113
-856
533
-273
-340
-182
-189
575
-557
615
-864
170
-577
582
-185
-359
155
-646
-131
486
669
910
394
237
92
-939
-474
-806
908
-346
208
-820
-261
-466
317
40
182
372
-98
-744
711
-97
-19
780
633
-70
913
18
407
-6
605
-649
375
970
110
462
-858
-454
-278
953
-41
143
616
-682
-490
930
-42
494
-976
305
-602
845
-710
-812
-10
-648
540
-833
-953
-995
312
201
-966
330
952
642
178
78
251
-495
423
-218
-829
46
-50
615
-946
478
544
-286
-331
47
-53
-301
182
-370
-192
-358
-444
617
381
-865
719
-541
-894
653
-992
-331
-543
-48
601
-807
-999
330
-329
-8
744
971
-528
-95
72
10
63
65
-13
77
39
18
16
20
-13
-14
-6
-11
42
39
62
-20
-2
34
67
13
-3
31
37
35
58
-2
76
12
67
46
7
16
13
32
3
32
44
67
25
-17
84
14
30
40
54
25
12
17
75
46
-7
70
26
-17
26
79
49
-10
30
3
32
70
66
62
18
51
1
62
47
26
-2
45
80
73
36
18
49
54
16
33
66
-17
46
19
58
66
27
30
75
22
43
80
5
73
46
50
83
44
-71
-103
121
229
24
6
42
328
-35
188
-36
59
278
77
304
-67
12
-46
117
17
229
314
198
284
292
45
279
179
104
286
166
1
265
94
383
-118
212
204
105
27
145
161
409
72
4
230
60
209
6
54
202
202
272
322
54
63
-63
150
-86
-57
-2
-114
-70
-11
255
352
260
-88
405
259
72
-81
339
-89
85
-86
376
40
32
-36
67
56
-110
230
187
-69
193
138
47
-12
83
344
363
-85
346
325
170
363
21
325
-450
481
456
-391
-311
485
215
-381
-425
434
307
554
-456
564
157
125
0
772
493
147
595
-157
695
485
665
-23
-175
-251
15
456
566
53
616
-67
-200
346
456
-43
70
-152
98
-272
171
397
83
640
-222
319
500
-441
380
425
631
795
523
461
-62
-325
32
-172
-376
-175
431
-421
-457
367
740
826
-53
71
-433
299
-216
37
692
21
-272
276
746
-285
666
672
524
-241
233
11
214
138
132
477
815
819
502
-336
-306
138
145
361
472
-58
72
10
63
65
-13
77
39
18
16
20
-13
-14
-6
-11
42
39
62
-20
-2
34
67
13
-3
31
37
35
58
-2
76
12
67
46
7
16
13
32
3
32
44
67
25
-17
84
14
30
40
54
25
12
17
75
46
-7
70
26
-17
26
79
49
-10
30
3
32
70
66
62
18
51
1
62
47
26
-2
45
80
73
36
18
49
54
16
33
66
-17
46
19
58
66
27
30
75
22
43
80
5
73
46
50
83
44
-71
-103
121
229
24
6
42
328
-35
188
-36
59
278
77
304
-67
12
-46
117
17
229
314
198
284
292
45
279
179
104
286
166
1
265
94
383
-118
212
204
105
27
145
161
409
72
4
230
60
209
6
54
202
202
272
322
54
63
-63
150
-86
-57
-2
-114
-70
-11
255
352
260
-88
405
259
72
-81
339
-89
85
-86
376
40
32
-36
67
56
-110
230
187
-69
193
138
47
-12
83
344
363
-85
346
325
170
363
21
325
-450
481
456
-391
-311
485
215
-381
-425
434
307
554
-456
564
157
125
0
772
493
147
595
-157
695
485
665
-23
-175
-251
15
456
566
53
616
-67
-200
346
456
-43
70
-152
98
-272
171
397
83
640
-222
319
500
-441
380
425
631
795
523
461
-62
-325
32
-172
-376
-175
431
-421
-457
367
740
826
-53
71
-433
299
-216
37
692
21
-272
276
746
-285
666
672
524
-241
233
11
214
138
132
477
815
819
502
-336
-306
138
145
361
472
-58
72
10
63
65
-13
77
39
18
16
20
-13
-14
-6
-11
42
39
62
-20
-2
34
67
13
-3
31
37
35
58
-2
76
12
67
46
7
16
13
32
3
32
44
67
25
-17
84
14
30
40
54
25
12
17
75
46
-7
70
26
-17
26
79
49
-10
30
3
32
70
66
62
18
51
1
62
47
26
-2
45
80
73
36
18
49
54
16
33
66
-17
46
19
58
66
27
30
75
22
43
80
5
73
46
50
83
44
-71
-103
121
229
24
6
42
328
-35
188
-36
59
278
77
304
-67
12
-46
117
17
229
314
198
284
292
45
279
179
104
286
166
1
265
94
383
-118
212
204
105
27
145
161
409
72
4
230
60
209
6
54
202
202
272
322
54
63
-63
150
-86
-57
-2
-114
-70
-11
255
352
260
-88
405
259
72
-81
339
-89
85
-86
376
40
32
-36
67
56
-110
230
187
-69
193
138
47
-12
83
344
363
-85
346
325
170
363
21
325
-450
481
456
-391
-311
485
215
-381
-425
434
307
554
-456
564
157
125
0
772
493
147
595
-157
695
485
665
-23
-175
-251
15
456
566
53
616
-67
-200
346
456
-43
70
-152
98
-272
171
397
83
640
-222
319
500
-441
380
425
631
795
523
461
-62
-325
32
-172
-376
-175
431
-421
-457
367
740
826
-53
71
-433
299
-216
37
692
21
-272
276
746
-285
666
672
524
-241
233
11
214
138
132
477
815
819
502
-336
-306
138
145
361
472
-58
72
10
63
65
-13
77
39
18
16
20
-13
-14
-6
-11
42
39
62
-20
-2
34
67
13
-3
31
37
35
58
-2
76
12
67
46
7
16
13
32
3
32
44
67
25
-17
84
14
30
40
54
25
12
17
75
46
-7
70
26
-17
26
79
49
-10
30
3
32
70
66
62
18
51
1
62
47
26
-2
45
80
73
36
18
49
54
16
33
66
-17
46
19
58
66
27
30
75
22
43
80
5
73
46
50
83
44
-71
-103
121
229
24
6
42
328
-35
188
-36
59
278
77
304
-67
12
-46
117
17
229
314
198
284
292
45
279
179
104
286
166
1
265
94
383
-118
212
204
105
27
145
161
409
72
4
230
60
209
6
54
202
202
272
322
54
63
-63
150
-86
-57
-2
-114
-70
-11
255
352
260
-88
405
259
72
-81
339
-89
85
-86
376
40
32
-36
67
56
-110
230
187
-69
193
138
47
-12
83
344
363
-85
346
325
170
363
21
325
-450
481
456
-391
-311
485
215
-381
-425
434
307
554
-456
564
157
125
0
772
493
147
595
-157
695
485
665
-23
-175
-251
15
456
566
53
616
-67
-200
346
456
-43
70
-152
98
-272
171
397
83
640
-222
319
500
-441
380
425
631
795
523
461
-62
-325
32
-172
-376
-175
431
-421
-457
367
740
826
-53
71
-433
299
-216
37
692
21
-272
276
746
-285
666
672
524
-241
233
11
214
138
132
477
815
819
502
-336
-306
138
145
361
472
-58
72
10
63
65
-13
77
39
18
16
20
-13
-14
-6
-11
42
39
62
-20
-2
34
67
13
-3
31
37
35
58
-2
76
12
67
46
7
16
13
32
3
32
44
67
25
-17
84
14
30
40
54
25
12
17
75
46
-7
70
26
-17
26
79
49
-10
30
3
32
70
66
62
18
51
1
62
47
26
-2
45
80
73
36
18
49
54
16
33
66
-17
46
19
58
66
27
30
75
22
43
80
5
73
46
50
83
44
-71
-103
121
229
24
6
42
328
-35
188
-36
59
278
77
304
-67
12
-46
117
17
229
314
198
284
292
45
279
179
104
286
166
1
265
94
383
-118
212
204
105
27
145
161
409
72
4
230
60
209
6
54
202
202
272
322
54
63
-63
150
-86
-57
-2
-114
-70
-11
255
352
260
-88
405
259
72
-81
339
-89
85
-86
376
40
32
-36
67
56
-110
230
187
-69
193
138
47
-12
83
344
363
-85
346
325
170
363
21
325
-450
481
456
-391
-311
485
215
-381
-425
434
307
554
-456
564
157
125
0
772
493
147
595
-157
695
485
665
-23
-175
-251
15
456
566
53
616
-67
-200
346
456
-43
70
-152
98
-272
171
397
83
640
-222
319
500
-441
380
425
631
795
523
461
-62
-325
32
-172
-376
-175
431
-421
-457
367
740
826
-53
71
-433
299
-216
37
692
21
-272
276
746
-285
666
672
524
-241
233
11
214
138
132
477
815
819
502
-336
-306
138
145
361
472
-58
72
10
63
65
-13
77
39
18
16
20
-13
-14
-6
-11
42
39
62
-20
-2
34
67
13
-3
31
37
35
58
-2
76
12
67
46
7
16
13
32
3
32
44
67
25
-17
84
14
30
40
54
25
12
17
75
46
-7
70
26
-17
26
79
49
-10
30
3
32
70
66
62
18
51
1
62
47
26
-2
45
80
73
36
18
49
54
16
33
66
-17
46
19
58
66
27
30
75
22
43
80
5
73
46
50
83
44
-71
-103
121
229
24
6
42
328
-35
188
-36
59
278
77
304
-67
12
-46
117
17
229
314
198
284
292
45
279
179
104
286
166
1
265
94
383
-118
212
204
105
27
145
161
409
72
4
230
60
209
6
54
202
202
272
322
54
63
-63
150
-86
-57
-2
-114
-70
-11
255
352
260
-88
405
259
72
-81
339
-89
85
-86
376
40
32
-36
67
56
-110
230
187
-69
193
138
47
-12
83
344
363
-85
346
325
170
363
21
325
-450
481
456
-391
-311
485
215
-381
-425
434
307
554
-456
564
157
125
0
772
493
147
595
-157
695
485
665
-23
-175
-251
15
456
566
53
616
-67
-200
346
456
-43
70
-152
98
-272
171
397
83
640
-222
319
500
-441
380
425
631
795
523
461
-62
-325
32
-172
-376
-175
431
-421
-457
367
740
826
-53
71
-433
299
-216
37
692
21
-272
276
746
-285
666
672
524
-241
233
11
214
138
132
477
815
819
502
-336
-306
138
145
361
472
-58
72
10
63
65
-13
77
39
18
16
20
-13
-14
-6
-11
42
39
62
-20
-2
34
67
13
-3
31
37
35
58
-2
76
12
67
46
7
16
13
32
3
32
44
67
25
-17
84
14
30
40
54
25
12
17
75
46
-7
70
26
-17
26
79
49
-10
30
3
32
70
66
62
18
51
1
62
47
26
-2
45
80
73
36
18
49
54
16
33
66
-17
46
19
58
66
27
30
75
22
43
80
5
73
46
50
83
44
-71
-103
121
229
24
6
42
328
-35
188
-36
59
278
77
304
-67
12
-46
117
17
229
314
198
284
292
45
279
179
104
286
166
1
265
94
383
-118
212
204
105
27
145
161
409
72
4
230
60
209
6
54
202
202
272
322
54
63
-63
150
-86
-57
-2
-114
-70
-11
255
352
260
-88
405
259
72
-81
339
-89
85
-86
376
40
32
-36
67
56
-110
230
187
-69
193
138
47
-12
83
344
363
-85
346
325
170
363
21
325
-450
481
456
-391
-311
485
215
-381
-425
434
307
554
-456
564
157
125
0
772
493
147
595
-157
695
485
665
-23
-175
-251
15
456
566
53
616
-67
-200
346
456
-43
70
-152
98
-272
171
397
83
640
-222
319
500
-441
380
425
631
795
523
461
-62
-325
32
-172
-376
-175
431
-421
-457
367
740
826
-53
71
-433
299
-216
37
692
21
-272
276
746
-285
666
672
524
-241
233
11
214
138
132
477
815
819
502
-336
-306
138
145
361
472
-58
72
10
63
65
-13
77
39
18
16
20
-13
-14
-6
-11
42
39
62
-20
-2
34
67
13
-3
31
37
35
58
-2
76
12
67
46
7
16
13
32
3
32
44
67
25
-17
84
14
30
40
54
25
12
17
75
46
-7
70
26
-17
26
79
49
-10
30
3
32
70
66
62
18
51
1
62
47
26
-2
45
80
73
36
18
49
54
16
33
66
-17
46
19
58
66
27
30
75
22
43
80
5
73
46
50
83
44
-71
-103
121
229
24
6
42
328
-35
188
-36
59
278
77
304
-67
12
-46
117
17
229
314
198
284
292
45
279
179
104
286
166
1
265
94
383
-118
212
204
105
27
145
161
409
72
4
230
60
209
6
54
202
202
272
322
54
63
-63
150
-86
-57
-2
-114
-70
-11
255
352
260
-88
405
259
72
-81
339
-89
85
-86
376
40
32
-36
67
56
-110
230
187
-69
193
138
47
-12
83
344
363
-85
346
325
170
363
21
325
-450
481
456
-391
-311
485
215
-381
-425
434
307
554
-456
564
157
125
0
772
493
147
595
-157
695
485
665
-23
-175
-251
15
456
566
53
616
-67
-200
346
456
-43
70
-152
98
-272
171
397
83
640
-222
319
500
-441
380
425
631
795
523
461
-62
-325
32
-172
-376
-175
431
-421
-457
367
740
826
-53
71
-433
299
-216
37
692
21
-272
276
746
-285
666
672
524
-241
233
11
214
138
132
477
815
819
502
-336
-306
138
145
361
472
-58
72
10
63
65
-13
77
39
18
16
20
-13
-14
-6
-11
42
39
62
-20
-2
34
67
13
-3
31
37
35
58
-2
76
12
67
46
7
16
13
32
3
32
44
67
25
-17
84
14
30
40
54
25
12
17
75
46
-7
70
26
-17
26
79
49
-10
30
3
32
70
66
62
18
51
1
62
47
26
-2
45
80
73
36
18
49
54
16
33
66
-17
46
19
58
66
27
30
75
22
43
80
5
73
46
50
83
44
-71
-103
121
229
24
6
42
328
-35
188
-36
59
278
77
304
-67
12
-46
117
17
229
314
198
284
292
45
279
179
104
286
166
1
265
94
383
-118
212
204
105
27
145
161
409
72
4
230
60
209
6
54
202
202
272
322
54
63
-63
150
-86
-57
-2
-114
-70
-11
255
352
260
-88
405
259
72
-81
339
-89
85
-86
376
40
32
-36
67
56
-110
230
187
-69
193
138
47
-12
83
344
363
-85
346
325
170
363
21
325
-450
481
456
-391
-311
485
215
-381
-425
434
307
554
-456
564
157
125
0
772
493
147
595
-157
695
485
665
-23
-175
-251
15
456
566
53
616
-67
-200
346
456
-43
70
-152
98
-272
171
397
83
640
-222
319
500
-441
380
425
631
795
523
461
-62
-325
32
-172
-376
-175
431
-421
-457
367
740
826
-53
71
-433
299
-216
37
692
21
-272
276
746
-285
666
672
524
-241
233
11
214
900
-900
138
132
477
815
819
502
-336
-306
138
145
361
472
-58
752
-457
144
451
-483
534
-681
57
-238
-125
495
32
-551
141
320
-768
34
838
-298
-352
-512
0
-499
341
-204
435
-27
179
-463
610
-872
-646
921
384
391
-159
-159
-469
-223
-591
508
219
583
639
-603
-513
-674
896
-605
-570
71
-798
32
-40
-202
294
533
-534
933
908
-449
541
815
-650
234
-845
767
936
192
-697
-743
-192
-445
-36
-430
285
588
120
691
68
743
819
863
488
353
-771
373
-999
421
210
-740
-584
442
-880
-110
365
-174
675
22
431
643
-964
699
-507
587
557
-538
-516
-855
264
449
416
860
283
925
488
-621
793
156
710
293
-610
984
-659
761
-511
592
159
677
595
177
-391
515
-537
274
-15
714
-691
-891
380
-813
-294
-588
-870
49
-20
844
-648
-839
-686
-764
-579
751
443
-340
425
196
-407
821
-159
-588
-794
-842
-187
-919
-506
-555
846
675
-84
-96
-155
-812
-173
-488
158
-533
711
-172
621
356
233
-269
-397
182
-52
36
562
733
609
512
537
766
-546
-431
-2
-647
120
117
-654
302
-901
-347
-417
589
-702
-851
-910
-518
334
-775
594
-305
-712
-689
-657
-445
43
-22
10
-685
-979
990
-986
473
417
602
630
352
-978
159
-236
-277
148
311
-385
403
-704
-493
-286
-701
-869
-461
856
-113
92
49
-991
54
-521
-565
884
902
807
-841
495
-882
-938
180
524
-524
575
659
196
670
-398
-606
218
908
-131
666
-101
-833
-277
950
-341
-402
-166
896
-847
561
-268
-30
758
-27
-572
-708
-451
178
-673
-233
-566
312
-477
637
680
170
341
-876
-538
-59
-721
547
-848
-327
-325
657
-606
485
-997
-71
152
261
104
881
-913
590
24
563
319
-319
321
23
-115
567
-31
208
685
49
-983
809
460
-935
439
342
-66
-560
-283
368
258
-796
-341
-734
976
38
237
-116
763
-707
144
-81
-86
-519
944
-566
327
756
64
788
897
-345
14
742
-217
-942
-423
-586
-704
411
-205
-113
-856
533
-273
-340
-182
-189
575
-557
615
-864
170
-577
582
-185
-359
155
-646
-131
486
669
910
394
237
92
-939
-474
-806
908
-346
208
-820
-261
-466
317
40
182
372
-98
-744
711
-97
-19
780
633
-70
913
18
407
-6
605
-649
375
970
110
462
-858
-454
-278
953
-41
143
616
-682
-490
930
-42
494
-976
305
-602
845
-710
-812
-10
-648
540
-833
-953
-995
312
201
-966
330
952
642
178
78
251
-495
423
-218
-829
46
-50
615
-946
478
544
-286
-331
47
-53
-301
182
-370
-192
-358
-444
617
381
-865
719
-541
-894
653
-992
-331
-543
-48
601
-807
-999
330
-329
-8
744
971
-528
-95
72
10
63
65
-13
77
39
18
16
20
-13
-14
-6
-11
42
39
62
-20
-2
34
67
13
-3
31
37
35
58
-2
76
12
67
46
7
16
13
32
3
32
44
67
25
-17
84
14
30
40
54
25
12
17
75
46
-7
70
26
-17
26
79
49
-10
30
3
32
70
66
62
18
51
1
62
47
26
-2
45
80
73
36
18
49
54
16
33
66
-17
46
19
58
66
27
30
75
22
43
80
5
73
46
50
83
44
-71
-103
121
229
24
6
42
328
-35
188
-36
59
278
77
304
-67
12
-46
117
17
229
314
198
284
292
45
279
179
104
286
166
1
265
94
383
-118
212
204
105
27
145
161
409
72
4
230
60
209
6
54
202
202
272
322
54
63
-63
150
-86
-57
-2
-114
-70
-11
255
352
260
-88
405
259
72
-81
339
-89
85
-86
376
40
32
-36
67
56
-110
230
187
-69
193
138
47
-12
83
344
363
-85
346
325
170
363
21
325
-450
481
456
-391
-311
485
215
-381
-425
434
307
554
-456
564
157
125
0
772
493
147
595
-157
695
485
665
-23
-175
-251
15
456
566
53
616
-67
-200
346
456
-43
70
-152
98
-272
171
397
83
640
-222
319
500
-441
380
425
631
795
523
461
-62
-325
32
-172
-376
-175
431
-421
-457
367
740
826
-53
71
-433
299
-216
37
692
21
-272
276
746
-285
666
672
524
-241
233
11
214
138
132
477
815
819
502
-336
-306
138
145
361
472
-58
72
10
63
65
-13
77
39
18
16
20
-13
-14
-6
-11
42
39
62
-20
-2
34
67
13
-3
31
37
35
58
-2
76
12
67
46
7
16
13
32
3
32
44
67
25
-17
84
14
30
40
54
25
12
17
75
46
-7
70
26
-17
26
79
49
-10
30
3
32
70
66
62
18
51
1
62
47
26
-2
45
80
73
36
18
49
54
16
33
66
-17
46
19
58
66
27
30
75
22
43
80
5
73
46
50
83
44
-71
-103
121
229
24
6
42
328
-35
188
-36
59
278
77
304
-67
12
-46
117
17
229
314
198
284
292
45
279
179
104
286
166
1
265
94
383
-118
212
204
105
27
145
161
409
72
4
230
60
209
6
54
202
202
272
322
54
63
-63
150
-86
-57
-2
-114
-70
-11
255
352
260
-88
405
259
72
-81
339
-89
85
-86
376
40
32
-36
67
56
-110
230
187
-69
193
138
47
-12
83
344
363
-85
346
325
170
363
21
325
-450
481
456
-391
-311
485
215
-381
-425
434
307
554
-456
564
157
125
0
772
493
147
595
-157
695
485
665
-23
-175
-251
15
456
566
53
616
-67
-200
346
456
-43
70
-152
98
-272
171
397
83
640
-222
319
500
-441
380
425
631
795
523
461
-62
-325
32
-172
-376
-175
431
-421
-457
367
740
826
-53
71
-433
299
-216
37
692
21
-272
276
746
-285
666
672
524
-241
233
11
214
138
132
477
815
819
502
-336
-306
138
145
361
472
-58
72
10
63
65
-13
77
39
18
16
20
-13
-14
-6
-11
42
39
62
-20
-2
34
67
13
-3
31
37
35
58
-2
76
12
67
46
7
16
13
32
3
32
44
67
25
-17
84
14
30
40
54
25
12
17
75
46
-7
70
26
-17
26
79
49
-10
30
3
32
70
66
62
18
51
1
62
47
26
-2
45
80
73
36
18
49
54
16
33
66
-17
46
19
58
66
27
30
75
22
43
80
5
73
46
50
83
44
-71
-103
121
229
24
6
42
328
-35
188
-36
59
278
77
304
-67
12
-46
117
17
229
314
198
284
292
45
279
179
104
286
166
1
265
94
383
-118
212
204
105
27
145
161
409
72
4
230
60
209
6
54
202
202
272
322
54
63
-63
150
-86
-57
-2
-114
-70
-11
255
352
260
-88
405
259
72
-81
339
-89
85
-86
376
40
32
-36
67
56
-110
230
187
-69
193
138
47
-12
83
344
363
-85
346
325
170
363
21
325
-450
481
456
-391
-311
485
215
-381
-425
434
307
554
-456
564
157
125
0
772
493
147
595
-157
695
485
665
-23
-175
-251
15
456
566
53
616
-67
-200
346
456
-43
70
-152
98
-272
171
397
83
640
-222
319
500
-441
380
425
631
795
523
461
-62
-325
32
-172
-376
-175
431
-421
-457
367
740
826
-53
71
-433
299
-216
37
692
21
-272
276
746
-285
666
672
524
-241
233
11
214
138
132
477
815
819
502
-336
-306
138
145
361
472
-58
72
10
63
65
-13
77
39
18
16
20
-13
-14
-6
-11
42
39
62
-20
-2
34
67
13
-3
31
37
35
58
-2
76
12
67
46
7
16
13
32
3
32
44
67
25
-17
84
14
30
40
54
25
12
17
75
46
-7
70
26
-17
26
79
49
-10
30
3
32
70
66
62
18
51
1
62
47
26
-2
45
80
73
36
18
49
54
16
33
66
-17
46
19
58
66
27
30
75
22
43
80
5
73
46
50
83
44
-71
-103
121
229
24
6
42
328
-35
188
-36
59
278
77
304
-67
12
-46
117
17
229
314
198
284
292
45
279
179
104
286
166
1
265
94
383
-118
212
204
105
27
145
161
409
72
4
230
60
209
6
54
202
202
272
322
54
63
-63
150
-86
-57
-2
-114
-70
-11
255
352
260
-88
405
259
72
-81
339
-89
85
-86
376
40
32
-36
67
56
-110
230
187
-69
193
138
47
-12
83
344
363
-85
346
325
170
363
21
325
-450
481
456
-391
-311
485
215
-381
-425
434
307
554
-456
564
157
125
0
772
493
147
595
-157
695
485
665
-23
-175
-251
15
456
566
53
616
-67
-200
346
456
-43
70
-152
98
-272
171
397
83
640
-222
319
500
-441
380
425
631
795
523
461
-62
-325
32
-172
-376
-175
431
-421
-457
367
740
826
-53
71
-433
299
-216
37
692
21
-272
276
746
-285
666
672
524
-241
233
11
214
138
132
477
815
819
502
-336
-306
138
145
361
472
-58
72
10
63
65
-13
77
39
18
16
20
-13
-14
-6
-11
42
39
62
-20
-2
34
67
13
-3
31
37
35
58
-2
76
12
67
46
7
16
13
32
3
32
44
67
25
-17
84
14
30
40
54
25
12
17
75
46
-7
70
26
-17
26
79
49
-10
30
3
32
70
66
62
18
51
1
62
47
26
-2
45
80
73
36
18
49
54
16
33
66
-17
46
19
58
66
27
30
75
22
43
80
5
73
46
50
83
44
-71
-103
121
229
24
6
42
328
-35
188
-36
59
278
77
304
-67
12
-46
117
17
229
314
198
284
292
45
279
179
104
286
166
1
265
94
383
-118
212
204
105
27
145
161
409
72
4
230
60
209
6
54
202
202
272
322
54
63
-63
150
-86
-57
-2
-114
-70
-11
255
352
260
-88
405
259
72
-81
339
-89
85
-86
376
40
32
-36
67
56
-110
230
187
-69
193
138
47
-12
83
344
363
-85
346
325
170
363
21
325
-450
481
456
-391
-311
485
215
-381
-425
434
307
554
-456
564
157
125
0
772
493
147
595
-157
695
485
665
-23
-175
-251
15
456
566
53
616
-67
-200
346
456
-43
70
-152
98
-272
171
397
83
640
-222
319
500
-441
380
425
631
795
523
461
-62
-325
32
-172
-376
-175
431
-421
-457
367
740
826
-53
71
-433
299
-216
37
692
21
-272
276
746
-285
666
672
524
-241
233
11
214
138
132
477
815
819
502
-336
-306
138
145
361
472
-58
72
10
63
65
-13
77
39
18
16
20
-13
-14
-6
-11
42
39
62
-20
-2
34
67
13
-3
31
37
35
58
-2
76
12
67
46
7
16
13
32
3
32
44
67
25
-17
84
14
30
40
54
25
12
17
75
46
-7
70
26
-17
26
79
49
-10
30
3
32
70
66
62
18
51
1
62
47
26
-2
45
80
73
36
18
49
54
16
33
66
-17
46
19
58
66
27
30
75
22
43
80
5
73
46
50
83
44
-71
-103
121
229
24
6
42
328
-35
188
-36
59
278
77
304
-67
12
-46
117
17
229
314
198
284
292
45
279
179
104
286
166
1
265
94
383
-118
212
204
105
27
145
161
409
72
4
230
60
209
6
54
202
202
272
322
54
63
-63
150
-86
-57
-2
-114
-70
-11
255
352
260
-88
405
259
72
-81
339
-89
85
-86
376
40
32
-36
67
56
-110
230
187
-69
193
138
47
-12
83
344
363
-85
346
325
170
363
21
325
-450
481
456
-391
-311
485
215
-381
-425
434
307
554
-456
564
157
125
0
772
493
147
595
-157
695
485
665
-23
-175
-251
15
456
566
53
616
-67
-200
346
456
-43
70
-152
98
-272
171
397
83
640
-222
319
500
-441
380
425
631
795
523
461
-62
-325
32
-172
-376
-175
431
-421
-457
367
740
826
-53
71
-433
299
-216
37
692
21
-272
276
746
-285
666
672
524
-241
233
11
214
138
132
477
815
819
502
-336
-306
138
145
361
472
-58
72
10
63
65
-13
77
39
18
16
20
-13
-14
-6
-11
42
39
62
-20
-2
34
67
13
-3
31
37
35
58
-2
76
12
67
46
7
16
13
32
3
32
44
67
25
-17
84
14
30
40
54
25
12
17
75
46
-7
70
26
-17
26
79
49
-10
30
3
32
70
66
62
18
51
1
62
47
26
-2
45
80
73
36
18
49
54
16
33
66
-17
46
19
58
66
27
30
75
22
43
80
5
73
46
50
83
44
-71
-103
121
229
24
6
42
328
-35
188
-36
59
278
77
304
-67
12
-46
117
17
229
314
198
284
292
45
279
179
104
286
166
1
265
94
383
-118
212
204
105
27
145
161
409
72
4
230
60
209
6
54
202
202
272
322
54
63
-63
150
-86
-57
-2
-114
-70
-11
255
352
260
-88
405
259
72
-81
339
-89
85
-86
376
40
32
-36
67
56
-110
230
187
-69
193
138
47
-12
83
344
363
-85
346
325
170
363
21
325
-450
481
456
-391
-311
485
215
-381
-425
434
307
554
-456
564
157
125
0
772
493
147
595
-157
695
485
665
-23
-175
-251
15
456
566
53
616
-67
-200
346
456
-43
70
-152
98
-272
171
397
83
640
-222
319
500
-441
380
425
631
795
523
461
-62
-325
32
-172
-376
-175
431
-421
-457
367
740
826
-53
71
-433
299
-216
37
692
21
-272
276
746
-285
666
672
524
-241
233
11
214
138
132
477
815
819
502
-336
-306
138
145
361
472
-58
72
10
63
65
-13
77
39
18
16
20
-13
-14
-6
-11
42
39
62
-20
-2
34
67
13
-3
31
37
35
58
-2
76
12
67
46
7
16
13
32
3
32
44
67
25
-17
84
14
30
40
54
25
12
17
75
46
-7
70
26
-17
26
79
49
-10
30
3
32
70
66
62
18
51
1
62
47
26
-2
45
80
73
36
18
49
54
16
33
66
-17
46
19
58
66
27
30
75
22
43
80
5
73
46
50
83
44
-71
-103
121
229
24
6
42
328
-35
188
-36
59
278
77
304
-67
12
-46
117
17
229
314
198
284
292
45
279
179
104
286
166
1
265
94
383
-118
212
204
105
27
145
161
409
72
4
230
60
209
6
54
202
202
272
322
54
63
-63
150
-86
-57
-2
-114
-70
-11
255
352
260
-88
405
259
72
-81
339
-89
85
-86
376
40
32
-36
67
56
-110
230
187
-69
193
138
47
-12
83
344
363
-85
346
325
170
363
21
325
-450
481
456
-391
-311
485
215
-381
-425
434
307
554
-456
564
157
125
0
772
493
147
595
-157
695
485
665
-23
-175
-251
15
456
566
53
616
-67
-200
346
456
-43
70
-152
98
-272
171
397
83
640
-222
319
500
-441
380
425
631
795
523
461
-62
-325
32
-172
-376
-175
431
-421
-457
367
740
826
-53
71
-433
299
-216
37
692
21
-272
276
746
-285
666
672
524
-241
233
11
214
138
132
477
815
819
502
-336
-306
138
145
361
472
-58
72
10
63
65
-13
77
39
18
16
20
-13
-14
-6
-11
42
39
62
-20
-2
34
67
13
-3
31
37
35
58
-2
76
12
67
46
7
16
13
32
3
32
44
67
25
-17
84
14
30
40
54
25
12
17
75
46
-7
70
26
-17
26
79
49
-10
30
3
32
70
66
62
18
51
1
62
47
26
-2
45
80
73
36
18
49
54
16
33
66
-17
46
19
58
66
27
30
75
22
43
80
5
73
46
50
83
44
-71
-103
121
229
24
6
42
328
-35
188
-36
59
278
77
304
-67
12
-46
117
17
229
314
198
284
292
45
279
179
104
286
166
1
265
94
383
-118
212
204
105
27
145
161
409
72
4
230
60
209
6
54
202
202
272
322
54
63
-63
150
-86
-57
-2
-114
-70
-11
255
352
260
-88
405
259
72
-81
339
-89
85
-86
376
40
32
-36
67
56
-110
230
187
-69
193
138
47
-12
83
344
363
-85
346
325
170
363
21
325
-450
481
456
-391
-311
485
215
-381
-425
434
307
554
-456
564
157
125
0
772
493
147
595
-157
695
485
665
-23
-175
-251
15
456
566
53
616
-67
-200
346
456
-43
70
-152
98
-272
171
397
83
640
-222
319
500
-441
380
425
631
795
523
461
-62
-325
32
-172
-376
-175
431
-421
-457
367
740
826
-53
71
-433
299
-216
37
692
21
-272
276
746
-285
666
672
524
-241
233
11
214
900
-900
138
132
477
815
819
502
-336
-306
138
145
361
472
-58
752
-457
144
451
-483
534
-681
57
-238
-125
495
32
-551
141
320
-768
34
838
-298
-352
-512
0
-499
341
-204
435
-27
179
-463
610
-872
-646
921
384
391
-159
-159
-469
-223
-591
508
219
583
639
-603
-513
-674
896
-605
-570
71
-798
32
-40
-202
294
533
-534
933
908
-449
541
815
-650
234
-845
767
936
192
-697
-743
-192
-445
-36
-430
285
588
120
691
68
743
819
863
488
353
-771
373
-999
421
210
-740
-584
442
-880
-110
365
-174
675
22
431
643
-964
699
-507
587
557
-538
-516
-855
264
449
416
860
283
925
488
-621
793
156
710
293
-610
984
-659
761
-511
592
159
677
595
177
-391
515
-537
274
-15
714
-691
-891
380
-813
-294
-588
-870
49
-20
844
-648
-839
-686
-764
-579
751
443
-340
425
196
-407
821
-159
-588
-794
-842
-187
-919
-506
-555
846
675
-84
-96
-155
-812
-173
-488
158
-533
711
-172
621
356
233
-269
-397
182
-52
36
562
733
609
512
537
766
-546
-431
-2
-647
120
117
-654
302
-901
-347
-417
589
-702
-851
-910
-518
334
-775
594
-305
-712
-689
-657
-445
43
-22
10
-685
-979
990
-986
473
417
602
630
352
-978
159
-236
-277
148
311
-385
403
-704
-493
-286
-701
-869
-461
856
-113
92
49
-991
54
-521
-565
884
902
807
-841
495
-882
-938
180
524
-524
575
659
196
670
-398
-606
218
908
-131
666
-101
-833
-277
950
-341
-402
-166
896
-847
561
-268
-30
758
-27
-572
-708
-451
178
-673
-233
-566
312
-477
637
680
170
341
-876
-538
-59
-721
547
-848
-327
-325
657
-606
485
-997
-71
152
261
104
881
-913
590
24
563
319
-319
321
23
-115
567
-31
208
685
49
-983
809
460
-935
439
342
-66
-560
-283
368
258
-796
-341
-734
976
38
237
-116
763
-707
144
-81
-86
-519
944
-566
327
756
64
788
897
-345
14
742
-217
-942
-423
-586
-704
411
-205
-113
-856
533
-273
-340
-182
-189
575
-557
615
-864
170
-577
582
-185
-359
155
-646
-131
486
669
910
394
237
92
-939
-474
-806
908
-346
208
-820
-261
-466
317
40
182
372
-98
-744
711
-97
-19
780
633
-70
913
18
407
-6
605
-649
375
970
110
462
-858
-454
-278
953
-41
143
616
-682
-490
930
-42
494
-976
305
-602
845
-710
-812
-10
-648
540
-833
-953
-995
312
201
-966
330
952
642
178
78
251
-495
423
-218
-829
46
-50
615
-946
478
544
-286
-331
47
-53
-301
182
-370
-192
-358
-444
617
381
-865
719
-541
-894
653
-992
-331
-543
-48
601
-807
-999
330
-329
-8
744
971
-528
-95
72
10
63
65
-13
77
39
18
16
20
-13
-14
-6
-11
42
39
62
-20
-2
34
67
13
-3
31
37
35
58
-2
76
12
67
46
7
16
13
32
3
32
44
67
25
-17
84
14
30
40
54
25
12
17
75
46
-7
70
26
-17
26
79
49
-10
30
3
32
70
66
62
18
51
1
62
47
26
-2
45
80
73
36
18
49
54
16
33
66
-17
46
19
58
66
27
30
75
22
43
80
5
73
46
50
83
44
-71
-103
121
229
24
6
42
328
-35
188
-36
59
278
77
304
-67
12
-46
117
17
229
314
198
284
292
45
279
179
104
286
166
1
265
94
383
-118
212
204
105
27
145
161
409
72
4
230
60
209
6
54
202
202
272
322
54
63
-63
150
-86
-57
-2
-114
-70
-11
255
352
260
-88
405
259
72
-81
339
-89
85
-86
376
40
32
-36
67
56
-110
230
187
-69
193
138
47
-12
83
344
363
-85
346
325
170
363
21
325
-450
481
456
-391
-311
485
215
-381
-425
434
307
554
-456
564
157
125
0
772
493
147
595
-157
695
485
665
-23
-175
-251
15
456
566
53
616
-67
-200
346
456
-43
70
-152
98
-272
171
397
83
640
-222
319
500
-441
380
425
631
795
523
461
-62
-325
32
-172
-376
-175
431
-421
-457
367
740
826
-53
71
-433
299
-216
37
692
21
-272
276
746
-285
666
672
524
-241
233
11
214
138
132
477
815
819
502
-336
-306
138
145
361
472
-58
72
10
63
65
-13
77
39
18
16
20
-13
-14
-6
-11
42
39
62
-20
-2
34
67
13
-3
31
37
35
58
-2
76
12
67
46
7
16
13
32
3
32
44
67
25
-17
84
14
30
40
54
25
12
17
75
46
-7
70
26
-17
26
79
49
-10
30
3
32
70
66
62
18
51
1
62
47
26
-2
45
80
73
36
18
49
54
16
33
66
-17
46
19
58
66
27
30
75
22
43
80
5
73
46
50
83
44
-71
-103
121
229
24
6
42
328
-35
188
-36
59
278
77
304
-67
12
-46
117
17
229
314
198
284
292
45
279
179
104
286
166
1
265
94
383
-118
212
204
105
27
145
161
409
72
4
230
60
209
6
54
202
202
272
322
54
63
-63
150
-86
-57
-2
-114
-70
-11
255
352
260
-88
405
259
72
-81
339
-89
85
-86
376
40
32
-36
67
56
-110
230
187
-69
193
138
47
-12
83
344
363
-85
346
325
170
363
21
325
-450
481
456
-391
-311
485
215
-381
-425
434
307
554
-456
564
157
125
0
772
493
147
595
-157
695
485
665
-23
-175
-251
15
456
566
53
616
-67
-200
346
456
-43
70
-152
98
-272
171
397
83
640
-222
319
500
-441
380
425
631
795
523
461
-62
-325
32
-172
-376
-175
431
-421
-457
367
740
826
-53
71
-433
299
-216
37
692
21
-272
276
746
-285
666
672
524
-241
233
11
214
138
132
477
815
819
502
-336
-306
138
145
361
472
-58
72
10
63
65
-13
77
39
18
16
20
-13
-14
-6
-11
42
39
62
-20
-2
34
67
13
-3
31
37
35
58
-2
76
12
67
46
7
16
13
32
3
32
44
67
25
-17
84
14
30
40
54
25
12
17
75
46
-7
70
26
-17
26
79
49
-10
30
3
32
70
66
62
18
51
1
62
47
26
-2
45
80
73
36
18
49
54
16
33
66
-17
46
19
58
66
27
30
75
22
43
80
5
73
46
50
83
44
-71
-103
121
229
24
6
42
328
-35
188
-36
59
278
77
304
-67
12
-46
117
17
229
314
198
284
292
45
279
179
104
286
166
1
265
94
383
-118
212
204
105
27
145
161
409
72
4
230
60
209
6
54
202
202
272
322
54
63
-63
150
-86
-57
-2
-114
-70
-11
255
352
260
-88
405
259
72
-81
339
-89
85
-86
376
40
32
-36
67
56
-110
230
187
-69
193
138
47
-12
83
344
363
-85
346
325
170
363
21
325
-450
481
456
-391
-311
485
215
-381
-425
434
307
554
-456
564
157
125
0
772
493
147
595
-157
695
485
665
-23
-175
-251
15
456
566
53
616
-67
-200
346
456
-43
70
-152
98
-272
171
397
83
640
-222
319
500
-441
380
425
631
795
523
461
-62
-325
32
-172
-376
-175
431
-421
-457
367
740
826
-53
71
-433
299
-216
37
692
21
-272
276
746
-285
666
672
524
-241
233
11
214
138
132
477
815
819
502
-336
-306
138
145
361
472
-58
72
10
63
65
-13
77
39
18
16
20
-13
-14
-6
-11
42
39
62
-20
-2
34
67
13
-3
31
37
35
58
-2
76
12
67
46
7
16
13
32
3
32
44
67
25
-17
84
14
30
40
54
25
12
17
75
46
-7
70
26
-17
26
79
49
-10
30
3
32
70
66
62
18
51
1
62
47
26
-2
45
80
73
36
18
49
54
16
33
66
-17
46
19
58
66
27
30
75
22
43
80
5
73
46
50
83
44
-71
-103
121
229
24
6
42
328
-35
188
-36
59
278
77
304
-67
12
-46
117
17
229
314
198
284
292
45
279
179
104
286
166
1
265
94
383
-118
212
204
105
27
145
161
409
72
4
230
60
209
6
54
202
202
272
322
54
63
-63
150
-86
-57
-2
-114
-70
-11
255
352
260
-88
405
259
72
-81
339
-89
85
-86
376
40
32
-36
67
56
-110
230
187
-69
193
138
47
-12
83
344
363
-85
346
325
170
363
21
325
-450
481
456
-391
-311
485
215
-381
-425
434
307
554
-456
564
157
125
0
772
493
147
595
-157
695
485
665
-23
-175
-251
15
456
566
53
616
-67
-200
346
456
-43
70
-152
98
-272
171
397
83
640
-222
319
500
-441
380
425
631
795
523
461
-62
-325
32
-172
-376
-175
431
-421
-457
367
740
826
-53
71
-433
299
-216
37
692
21
-272
276
746
-285
666
672
524
-241
233
11
214
138
132
477
815
819
502
-336
-306
138
145
361
472
-58
72
10
63
65
-13
77
39
18
16
20
-13
-14
-6
-11
42
39
62
-20
-2
34
67
13
-3
31
37
35
58
-2
76
12
67
46
7
16
13
32
3
32
44
67
25
-17
84
14
30
40
54
25
12
17
75
46
-7
70
26
-17
26
79
49
-10
30
3
32
70
66
62
18
51
1
62
47
26
-2
45
80
73
36
18
49
54
16
33
66
-17
46
19
58
66
27
30
75
22
43
80
5
73
46
50
83
44
-71
-103
121
229
24
6
42
328
-35
188
-36
59
278
77
304
-67
12
-46
117
17
229
314
198
284
292
45
279
179
104
286
166
1
265
94
383
-118
212
204
105
27
145
161
409
72
4
230
60
209
6
54
202
202
272
322
54
63
-63
150
-86
-57
-2
-114
-70
-11
255
352
260
-88
405
259
72
-81
339
-89
85
-86
376
40
32
-36
67
56
-110
230
187
-69
193
138
47
-12
83
344
363
-85
346
325
170
363
21
325
-450
481
456
-391
-311
485
215
-381
-425
434
307
554
-456
564
157
125
0
772
493
147
595
-157
695
485
665
-23
-175
-251
15
456
566
53
616
-67
-200
346
456
-43
70
-152
98
-272
171
397
83
640
-222
319
500
-441
380
425
631
795
523
461
-62
-325
32
-172
-376
-175
431
-421
-457
367
740
826
-53
71
-433
299
-216
37
692
21
-272
276
746
-285
666
672
524
-241
233
11
214
138
132
477
815
819
502
-336
-306
138
145
361
472
-58
72
10
63
65
-13
77
39
18
16
20
-13
-14
-6
-11
42
39
62
-20
-2
34
67
13
-3
31
37
35
58
-2
76
12
67
46
7
16
13
32
3
32
44
67
25
-17
84
14
30
40
54
25
12
17
75
46
-7
70
26
-17
26
79
49
-10
30
3
32
70
66
62
18
51
1
62
47
26
-2
45
80
73
36
18
49
54
16
33
66
-17
46
19
58
66
27
30
75
22
43
80
5
73
46
50
83
44
-71
-103
121
229
24
6
42
328
-35
188
-36
59
278
77
304
-67
12
-46
117
17
229
314
198
284
292
45
279
179
104
286
166
1
265
94
383
-118
212
204
105
27
145
161
409
72
4
230
60
209
6
54
202
202
272
322
54
63
-63
150
-86
-57
-2
-114
-70
-11
255
352
260
-88
405
259
72
-81
339
-89
85
-86
376
40
32
-36
67
56
-110
230
187
-69
193
138
47
-12
83
344
363
-85
346
325
170
363
21
325
-450
481
456
-391
-311
485
215
-381
-425
434
307
554
-456
564
157
125
0
772
493
147
595
-157
695
485
665
-23
-175
-251
15
456
566
53
616
-67
-200
346
456
-43
70
-152
98
-272
171
397
83
640
-222
319
500
-441
380
425
631
795
523
461
-62
-325
32
-172
-376
-175
431
-421
-457
367
740
826
-53
71
-433
299
-216
37
692
21
-272
276
746
-285
666
672
524
-241
233
11
214
138
132
477
815
819
502
-336
-306
138
145
361
472
-58
72
10
63
65
-13
77
39
18
16
20
-13
-14
-6
-11
42
39
62
-20
-2
34
67
13
-3
31
37
35
58
-2
76
12
67
46
7
16
13
32
3
32
44
67
25
-17
84
14
30
40
54
25
12
17
75
46
-7
70
26
-17
26
79
49
-10
30
3
32
70
66
62
18
51
1
62
47
26
-2
45
80
73
36
18
49
54
16
33
66
-17
46
19
58
66
27
30
75
22
43
80
5
73
46
50
83
44
-71
-103
121
229
24
6
42
328
-35
188
-36
59
278
77
304
-67
12
-46
117
17
229
314
198
284
292
45
279
179
104
286
166
1
265
94
383
-118
212
204
105
27
145
161
409
72
4
230
60
209
6
54
202
202
272
322
54
63
-63
150
-86
-57
-2
-114
-70
-11
255
352
260
-88
405
259
72
-81
339
-89
85
-86
376
40
32
-36
67
56
-110
230
187
-69
193
138
47
-12
83
344
363
-85
346
325
170
363
21
325
-450
481
456
-391
-311
485
215
-381
-425
434
307
554
-456
564
157
125
0
772
493
147
595
-157
695
485
665
-23
-175
-251
15
456
566
53
616
-67
-200
346
456
-43
70
-152
98
-272
171
397
83
640
-222
319
500
-441
380
425
631
795
523
461
-62
-325
32
-172
-376
-175
431
-421
-457
367
740
826
-53
71
-433
299
-216
37
692
21
-272
276
746
-285
666
672
524
-241
233
11
214
138
132
477
815
819
502
-336
-306
138
145
361
472
-58
72
10
63
65
-13
77
39
18
16
20
-13
-14
-6
-11
42
39
62
-20
-2
34
67
13
-3
31
37
35
58
-2
76
12
67
46
7
16
13
32
3
32
44
67
25
-17
84
14
30
40
54
25
12
17
75
46
-7
70
26
-17
26
79
49
-10
30
3
32
70
66
62
18
51
1
62
47
26
-2
45
80
73
36
18
49
54
16
33
66
-17
46
19
58
66
27
30
75
22
43
80
5
73
46
50
83
44
-71
-103
121
229
24
6
42
328
-35
188
-36
59
278
77
304
-67
12
-46
117
17
229
314
198
284
292
45
279
179
104
286
166
1
265
94
383
-118
212
204
105
27
145
161
409
72
4
230
60
209
6
54
202
202
272
322
54
63
-63
150
-86
-57
-2
-114
-70
-11
255
352
260
-88
405
259
72
-81
339
-89
85
-86
376
40
32
-36
67
56
-110
230
187
-69
193
138
47
-12
83
344
363
-85
346
325
170
363
21
325
-450
481
456
-391
-311
485
215
-381
-425
434
307
554
-456
564
157
125
0
772
493
147
595
-157
695
485
665
-23
-175
-251
15
456
566
53
616
-67
-200
346
456
-43
70
-152
98
-272
171
397
83
640
-222
319
500
-441
380
425
631
795
523
461
-62
-325
32
-172
-376
-175
431
-421
-457
367
740
826
-53
71
-433
299
-216
37
692
21
-272
276
746
-285
666
672
524
-241
233
11
214
138
132
477
815
819
502
-336
-306
138
145
361
472
-58
72
10
63
65
-13
77
39
18
16
20
-13
-14
-6
-11
42
39
62
-20
-2
34
67
13
-3
31
37
35
58
-2
76
12
67
46
7
16
13
32
3
32
44
67
25
-17
84
14
30
40
54
25
12
17
75
46
-7
70
26
-17
26
79
49
-10
30
3
32
70
66
62
18
51
1
62
47
26
-2
45
80
73
36
18
49
54
16
33
66
-17
46
19
58
66
27
30
75
22
43
80
5
73
46
50
83
44
-71
-103
121
229
24
6
42
328
-35
188
-36
59
278
77
304
-67
12
-46
117
17
229
314
198
284
292
45
279
179
104
286
166
1
265
94
383
-118
212
204
105
27
145
161
409
72
4
230
60
209
6
54
202
202
272
322
54
63
-63
150
-86
-57
-2
-114
-70
-11
255
352
260
-88
405
259
72
-81
339
-89
85
-86
376
40
32
-36
67
56
-110
230
187
-69
193
138
47
-12
83
344
363
-85
346
325
170
363
21
325
-450
481
456
-391
-311
485
215
-381
-425
434
307
554
-456
564
157
125
0
772
493
147
595
-157
695
485
665
-23
-175
-251
15
456
566
53
616
-67
-200
346
456
-43
70
-152
98
-272
171
397
83
640
-222
319
500
-441
380
425
631
795
523
461
-62
-325
32
-172
-376
-175
431
-421
-457
367
740
826
-53
71
-433
299
-216
37
692
21
-272
276
746
-285
666
672
524
-241
233
11
214
900
-900
138
132
477
815
819
502
-336
-306
138
145
361
472
-58
752
-457
144
451
-483
534
-681
57
-238
-125
495
32
-551
141
320
-768
34
838
-298
-352
-512
0
-499
341
-204
435
-27
179
-463
610
-872
-646
921
384
391
-159
-159
-469
-223
-591
508
219
583
639
-603
-513
-674
896
-605
-570
71
-798
32
-40
-202
294
533
-534
933
908
-449
541
815
-650
234
-845
767
936
192
-697
-743
-192
-445
-36
-430
285
588
120
691
68
743
819
863
488
353
-771
373
-999
421
210
-740
-584
442
-880
-110
365
-174
675
22
431
643
-964
699
-507
587
557
-538
-516
-855
264
449
416
860
283
925
488
-621
793
156
710
293
-610
984
-659
761
-511
592
159
677
595
177
-391
515
-537
274
-15
714
-691
-891
380
-813
-294
-588
-870
49
-20
844
-648
-839
-686
-764
-579
751
443
-340
425
196
-407
821
-159
-588
-794
-842
-187
-919
-506
-555
846
675
-84
-96
-155
-812
-173
-488
158
-533
711
-172
621
356
233
-269
-397
182
-52
36
562
733
609
512
537
766
-546
-431
-2
-647
120
117
-654
302
-901
-347
-417
589
-702
-851
-910
-518
334
-775
594
-305
-712
-689
-657
-445
43
-22
10
-685
-979
990
-986
473
417
602
630
352
-978
159
-236
-277
148
311
-385
403
-704
-493
-286
-701
-869
-461
856
-113
92
49
-991
54
-521
-565
884
902
807
-841
495
-882
-938
180
524
-524
575
659
196
670
-398
-606
218
908
-131
666
-101
-833
-277
950
-341
-402
-166
896
-847
561
-268
-30
758
-27
-572
-708
-451
178
-673
-233
-566
312
-477
637
680
170
341
-876
-538
-59
-721
547
-848
-327
-325
657
-606
485
-997
-71
152
261
104
881
-913
590
24
563
319
-319
321
23
-115
567
-31
208
685
49
-983
809
460
-935
439
342
-66
-560
-283
368
258
-796
-341
-734
976
38
237
-116
763
-707
144
-81
-86
-519
944
-566
327
756
64
788
897
-345
14
742
-217
-942
-423
-586
-704
411
-205
-113
-856
533
-273
-340
-182
-189
575
-557
615
-864
170
-577
582
-185
-359
155
-646
-131
486
669
910
394
237
92
-939
-474
-806
908
-346
208
-820
-261
-466
317
40
182
372
-98
-744
711
-97
-19
780
633
-70
913
18
407
-6
605
-649
375
970
110
462
-858
-454
-278
953
-41
143
616
-682
-490
930
-42
494
-976
305
-602
845
-710
-812
-10
-648
540
-833
-953
-995
312
201
-966
330
952
642
178
78
251
-495
423
-218
-829
46
-50
615
-946
478
544
-286
-331
47
-53
-301
182
-370
-192
-358
-444
617
381
-865
719
-541
-894
653
-992
-331
-543
-48
601
-807
-999
330
-329
-8
744
971
-528
-95
72
10
63
65
-13
77
39
18
16
20
-13
-14
-6
-11
42
39
62
-20
-2
34
67
13
-3
31
37
35
58
-2
76
12
67
46
7
16
13
32
3
32
44
67
25
-17
84
14
30
40
54
25
12
17
75
46
-7
70
26
-17
26
79
49
-10
30
3
32
70
66
62
18
51
1
62
47
26
-2
45
80
73
36
18
49
54
16
33
66
-17
46
19
58
66
27
30
75
22
43
80
5
73
46
50
83
44
-71
-103
121
229
24
6
42
328
-35
188
-36
59
278
77
304
-67
12
-46
117
17
229
314
198
284
292
45
279
179
104
286
166
1
265
94
383
-118
212
204
105
27
145
161
409
72
4
230
60
209
6
54
202
202
272
322
54
63
-63
150
-86
-57
-2
-114
-70
-11
255
352
260
-88
405
259
72
-81
339
-89
85
-86
376
40
32
-36
67
56
-110
230
187
-69
193
138
47
-12
83
344
363
-85
346
325
170
363
21
325
-450
481
456
-391
-311
485
215
-381
-425
434
307
554
-456
564
157
125
0
772
493
147
595
-157
695
485
665
-23
-175
-251
15
456
566
53
616
-67
-200
346
456
-43
70
-152
98
-272
171
397
83
640
-222
319
500
-441
380
425
631
795
523
461
-62
-325
32
-172
-376
-175
431
-421
-457
367
740
826
-53
71
-433
299
-216
37
692
21
-272
276
746
-285
666
672
524
-241
233
11
214
138
132
477
815
819
502
-336
-306
138
145
361
472
-58
72
10
63
65
-13
77
39
18
16
20
-13
-14
-6
-11
42
39
62
-20
-2
34
67
13
-3
31
37
35
58
-2
76
12
67
46
7
16
13
32
3
32
44
67
25
-17
84
14
30
40
54
25
12
17
75
46
-7
70
26
-17
26
79
49
-10
30
3
32
70
66
62
18
51
1
62
47
26
-2
45
80
73
36
18
49
54
16
33
66
-17
46
19
58
66
27
30
75
22
43
80
5
73
46
50
83
44
-71
-103
121
229
24
6
42
328
-35
188
-36
59
278
77
304
-67
12
-46
117
17
229
314
198
284
292
45
279
179
104
286
166
1
265
94
383
-118
212
204
105
27
145
161
409
72
4
230
60
209
6
54
202
202
272
322
54
63
-63
150
-86
-57
-2
-114
-70
-11
255
352
260
-88
405
259
72
-81
339
-89
85
-86
376
40
32
-36
67
56
-110
230
187
-69
193
138
47
-12
83
344
363
-85
346
325
170
363
21
325
-450
481
456
-391
-311
485
215
-381
-425
434
307
554
-456
564
157
125
0
772
493
147
595
-157
695
485
665
-23
-175
-251
15
456
566
53
616
-67
-200
346
456
-43
70
-152
98
-272
171
397
83
640
-222
319
500
-441
380
425
631
795
523
461
-62
-325
32
-172
-376
-175
431
-421
-457
367
740
826
-53
71
-433
299
-216
37
692
21
-272
276
746
-285
666
672
524
-241
233
11
214
138
132
477
815
819
502
-336
-306
138
145
361
472
-58
72
10
63
65
-13
77
39
18
16
20
-13
-14
-6
-11
42
39
62
-20
-2
34
67
13
-3
31
37
35
58
-2
76
12
67
46
7
16
13
32
3
32
44
67
25
-17
84
14
30
40
54
25
12
17
75
46
-7
70
26
-17
26
79
49
-10
30
3
32
70
66
62
18
51
1
62
47
26
-2
45
80
73
36
18
49
54
16
33
66
-17
46
19
58
66
27
30
75
22
43
80
5
73
46
50
83
44
-71
-103
121
229
24
6
42
328
-35
188
-36
59
278
77
304
-67
12
-46
117
17
229
314
198
284
292
45
279
179
104
286
166
1
265
94
383
-118
212
204
105
27
145
161
409
72
4
230
60
209
6
54
202
202
272
322
54
63
-63
150
-86
-57
-2
-114
-70
-11
255
352
260
-88
405
259
72
-81
339
-89
85
-86
376
40
32
-36
67
56
-110
230
187
-69
193
138
47
-12
83
344
363
-85
346
325
170
363
21
325
-450
481
456
-391
-311
485
215
-381
-425
434
307
554
-456
564
157
125
0
772
493
147
595
-157
695
485
665
-23
-175
-251
15
456
566
53
616
-67
-200
346
456
-43
70
-152
98
-272
171
397
83
640
-222
319
500
-441
380
425
631
795
523
461
-62
-325
32
-172
-376
-175
431
-421
-457
367
740
826
-53
71
-433
299
-216
37
692
21
-272
276
746
-285
666
672
524
-241
233
11
214
138
132
477
815
819
502
-336
-306
138
145
361
472
-58
72
10
63
65
-13
77
39
18
16
20
-13
-14
-6
-11
42
39
62
-20
-2
34
67
13
-3
31
37
35
58
-2
76
12
67
46
7
16
13
32
3
32
44
67
25
-17
84
14
30
40
54
25
12
17
75
46
-7
70
26
-17
26
79
49
-10
30
3
32
70
66
62
18
51
1
62
47
26
-2
45
80
73
36
18
49
54
16
33
66
-17
46
19
58
66
27
30
75
22
43
80
5
73
46
50
83
44
-71
-103
121
229
24
6
42
328
-35
188
-36
59
278
77
304
-67
12
-46
117
17
229
314
198
284
292
45
279
179
104
286
166
1
265
94
383
-118
212
204
105
27
145
161
409
72
4
230
60
209
6
54
202
202
272
322
54
63
-63
150
-86
-57
-2
-114
-70
-11
255
352
260
-88
405
259
72
-81
339
-89
85
-86
376
40
32
-36
67
56
-110
230
187
-69
193
138
47
-12
83
344
363
-85
346
325
170
363
21
325
-450
481
456
-391
-311
485
215
-381
-425
434
307
554
-456
564
157
125
0
772
493
147
595
-157
695
485
665
-23
-175
-251
15
456
566
53
616
-67
-200
346
456
-43
70
-152
98
-272
171
397
83
640
-222
319
500
-441
380
425
631
795
523
461
-62
-325
32
-172
-376
-175
431
-421
-457
367
740
826
-53
71
-433
299
-216
37
692
21
-272
276
746
-285
666
672
524
-241
233
11
214
138
132
477
815
819
502
-336
-306
138
145
361
472
-58
72
10
63
65
-13
77
39
18
16
20
-13
-14
-6
-11
42
39
62
-20
-2
34
67
13
-3
31
37
35
58
-2
76
12
67
46
7
16
13
32
3
32
44
67
25
-17
84
14
30
40
54
25
12
17
75
46
-7
70
26
-17
26
79
49
-10
30
3
32
70
66
62
18
51
1
62
47
26
-2
45
80
73
36
18
49
54
16
33
66
-17
46
19
58
66
27
30
75
22
43
80
5
73
46
50
83
44
-71
-103
121
229
24
6
42
328
-35
188
-36
59
278
77
304
-67
12
-46
117
17
229
314
198
284
292
45
279
179
104
286
166
1
265
94
383
-118
212
204
105
27
145
161
409
72
4
230
60
209
6
54
202
202
272
322
54
63
-63
150
-86
-57
-2
-114
-70
-11
255
352
260
-88
405
259
72
-81
339
-89
85
-86
376
40
32
-36
67
56
-110
230
187
-69
193
138
47
-12
83
344
363
-85
346
325
170
363
21
325
-450
481
456
-391
-311
485
215
-381
-425
434
307
554
-456
564
157
125
0
772
493
147
595
-157
695
485
665
-23
-175
-251
15
456
566
53
616
-67
-200
346
456
-43
70
-152
98
-272
171
397
83
640
-222
319
500
-441
380
425
631
795
523
461
-62
-325
32
-172
-376
-175
431
-421
-457
367
740
826
-53
71
-433
299
-216
37
692
21
-272
276
746
-285
666
672
524
-241
233
11
214
138
132
477
815
819
502
-336
-306
138
145
361
472
-58
72
10
63
65
-13
77
39
18
16
20
-13
-14
-6
-11
42
39
62
-20
-2
34
67
13
-3
31
37
35
58
-2
76
12
67
46
7
16
13
32
3
32
44
67
25
-17
84
14
30
40
54
25
12
17
75
46
-7
70
26
-17
26
79
49
-10
30
3
32
70
66
62
18
51
1
62
47
26
-2
45
80
73
36
18
49
54
16
33
66
-17
46
19
58
66
27
30
75
22
43
80
5
73
46
50
83
44
-71
-103
121
229
24
6
42
328
-35
188
-36
59
278
77
304
-67
12
-46
117
17
229
314
198
284
292
45
279
179
104
286
166
1
265
94
383
-118
212
204
105
27
145
161
409
72
4
230
60
209
6
54
202
202
272
322
54
63
-63
150
-86
-57
-2
-114
-70
-11
255
352
260
-88
405
259
72
-81
339
-89
85
-86
376
40
32
-36
67
56
-110
230
187
-69
193
138
47
-12
83
344
363
-85
346
325
170
363
21
325
-450
481
456
-391
-311
485
215
-381
-425
434
307
554
-456
564
157
125
0
772
493
147
595
-157
695
485
665
-23
-175
-251
15
456
566
53
616
-67
-200
346
456
-43
70
-152
98
-272
171
397
83
640
-222
319
500
-441
380
425
631
795
523
461
-62
-325
32
-172
-376
-175
431
-421
-457
367
740
826
-53
71
-433
299
-216
37
692
21
-272
276
746
-285
666
672
524
-241
233
11
214
138
132
477
815
819
502
-336
-306
138
145
361
472
-58
72
10
63
65
-13
77
39
18
16
20
-13
-14
-6
-11
42
39
62
-20
-2
34
67
13
-3
31
37
35
58
-2
76
12
67
46
7
16
13
32
3
32
44
67
25
-17
84
14
30
40
54
25
12
17
75
46
-7
70
26
-17
26
79
49
-10
30
3
32
70
66
62
18
51
1
62
47
26
-2
45
80
73
36
18
49
54
16
33
66
-17
46
19
58
66
27
30
75
22
43
80
5
73
46
50
83
44
-71
-103
121
229
24
6
42
328
-35
188
-36
59
278
77
304
-67
12
-46
117
17
229
314
198
284
292
45
279
179
104
286
166
1
265
94
383
-118
212
204
105
27
145
161
409
72
4
230
60
209
6
54
202
202
272
322
54
63
-63
150
-86
-57
-2
-114
-70
-11
255
352
260
-88
405
259
72
-81
339
-89
85
-86
376
40
32
-36
67
56
-110
230
187
-69
193
138
47
-12
83
344
363
-85
346
325
170
363
21
325
-450
481
456
-391
-311
485
215
-381
-425
434
307
554
-456
564
157
125
0
772
493
147
595
-157
695
485
665
-23
-175
-251
15
456
566
53
616
-67
-200
346
456
-43
70
-152
98
-272
171
397
83
640
-222
319
500
-441
380
425
631
795
523
461
-62
-325
32
-172
-376
-175
431
-421
-457
367
740
826
-53
71
-433
299
-216
37
692
21
-272
276
746
-285
666
672
524
-241
233
11
214
138
132
477
815
819
502
-336
-306
138
145
361
472
-58
72
10
63
65
-13
77
39
18
16
20
-13
-14
-6
-11
42
39
62
-20
-2
34
67
13
-3
31
37
35
58
-2
76
12
67
46
7
16
13
32
3
32
44
67
25
-17
84
14
30
40
54
25
12
17
75
46
-7
70
26
-17
26
79
49
-10
30
3
32
70
66
62
18
51
1
62
47
26
-2
45
80
73
36
18
49
54
16
33
66
-17
46
19
58
66
27
30
75
22
43
80
5
73
46
50
83
44
-71
-103
121
229
24
6
42
328
-35
188
-36
59
278
77
304
-67
12
-46
117
17
229
314
198
284
292
45
279
179
104
286
166
1
265
94
383
-118
212
204
105
27
145
161
409
72
4
230
60
209
6
54
202
202
272
322
54
63
-63
150
-86
-57
-2
-114
-70
-11
255
352
260
-88
405
259
72
-81
339
-89
85
-86
376
40
32
-36
67
56
-110
230
187
-69
193
138
47
-12
83
344
363
-85
346
325
170
363
21
325
-450
481
456
-391
-311
485
215
-381
-425
434
307
554
-456
564
157
125
0
772
493
147
595
-157
695
485
665
-23
-175
-251
15
456
566
53
616
-67
-200
346
456
-43
70
-152
98
-272
171
397
83
640
-222
319
500
-441
380
425
631
795
523
461
-62
-325
32
-172
-376
-175
431
-421
-457
367
740
826
-53
71
-433
299
-216
37
692
21
-272
276
746
-285
666
672
524
-241
233
11
214
138
132
477
815
819
502
-336
-306
138
145
361
472
-58
72
10
63
65
-13
77
39
18
16
20
-13
-14
-6
-11
42
39
62
-20
-2
34
67
13
-3
31
37
35
58
-2
76
12
67
46
7
16
13
32
3
32
44
67
25
-17
84
14
30
40
54
25
12
17
75
46
-7
70
26
-17
26
79
49
-10
30
3
32
70
66
62
18
51
1
62
47
26
-2
45
80
73
36
18
49
54
16
33
66
-17
46
19
58
66
27
30
75
22
43
80
5
73
46
50
83
44
-71
-103
121
229
24
6
42
328
-35
188
-36
59
278
77
304
-67
12
-46
117
17
229
314
198
284
292
45
279
179
104
286
166
1
265
94
383
-118
212
204
105
27
145
161
409
72
4
230
60
209
6
54
202
202
272
322
54
63
-63
150
-86
-57
-2
-114
-70
-11
255
352
260
-88
405
259
72
-81
339
-89
85
-86
376
40
32
-36
67
56
-110
230
187
-69
193
138
47
-12
83
344
363
-85
346
325
170
363
21
325
-450
481
456
-391
-311
485
215
-381
-425
434
307
554
-456
564
157
125
0
772
493
147
595
-157
695
485
665
-23
-175
-251
15
456
566
53
616
-67
-200
346
456
-43
70
-152
98
-272
171
397
83
640
-222
319
500
-441
380
425
631
795
523
461
-62
-325
32
-172
-376
-175
431
-421
-457
367
740
826
-53
71
-433
299
-216
37
692
21
-272
276
746
-285
666
672
524
-241
233
11
214
900
-900
138
132
477
815
819
502
-336
-306
138
145
361
472
-58
752
-457
144
451
-483
534
-681
57
-238
-125
495
32
-551
141
320
-768
34
838
-298
-352
-512
0
-499
341
-204
435
-27
179
-463
610
-872
-646
921
384
391
-159
-159
-469
-223
-591
508
219
583
639
-603
-513
-674
896
-605
-570
71
-798
32
-40
-202
294
533
-534
933
908
-449
541
815
-650
234
-845
767
936
192
-697
-743
-192
-445
-36
-430
285
588
120
691
68
743
819
863
488
353
-771
373
-999
421
210
-740
-584
442
-880
-110
365
-174
675
22
431
643
-964
699
-507
587
557
-538
-516
-855
264
449
416
860
283
925
488
-621
793
156
710
293
-610
984
-659
761
-511
592
159
677
595
177
-391
515
-537
274
-15
714
-691
-891
380
-813
-294
-588
-870
49
-20
844
-648
-839
-686
-764
-579
751
443
-340
425
196
-407
821
-159
-588
-794
-842
-187
-919
-506
-555
846
675
-84
-96
-155
-812
-173
-488
158
-533
711
-172
621
356
233
-269
-397
182
-52
36
562
733
609
512
537
766
-546
-431
-2
-647
120
117
-654
302
-901
-347
-417
589
-702
-851
-910
-518
334
-775
594
-305
-712
-689
-657
-445
43
-22
10
-685
-979
990
-986
473
417
602
630
352
-978
159
-236
-277
148
311
-385
403
-704
-493
-286
-701
-869
-461
856
-113
92
49
-991
54
-521
-565
884
902
807
-841
495
-882
-938
180
524
-524
575
659
196
670
-398
-606
218
908
-131
666
-101
-833
-277
950
-341
-402
-166
896
-847
561
-268
-30
758
-27
-572
-708
-451
178
-673
-233
-566
312
-477
637
680
170
341
-876
-538
-59
-721
547
-848
-327
-325
657
-606
485
-997
-71
152
261
104
881
-913
590
24
563
319
-319
321
23
-115
567
-31
208
685
49
-983
809
460
-935
439
342
-66
-560
-283
368
258
-796
-341
-734
976
38
237
-116
763
-707
144
-81
-86
-519
944
-566
327
756
64
788
897
-345
14
742
-217
-942
-423
-586
-704
411
-205
-113
-856
533
-273
-340
-182
-189
575
-557
615
-864
170
-577
582
-185
-359
155
-646
-131
486
669
910
394
237
92
-939
-474
-806
908
-346
208
-820
-261
-466
317
40
182
372
-98
-744
711
-97
-19
780
633
-70
913
18
407
-6
605
-649
375
970
110
462
-858
-454
-278
953
-41
143
616
-682
-490
930
-42
494
-976
305
-602
845
-710
-812
-10
-648
540
-833
-953
-995
312
201
-966
330
952
642
178
78
251
-495
423
-218
-829
46
-50
615
-946
478
544
-286
-331
47
-53
-301
182
-370
-192
-358
-444
617
381
-865
719
-541
-894
653
-992
-331
-543
-48
601
-807
-999
330
-329
-8
744
971
-528
-95
72
10
63
65
-13
77
39
18
16
20
-13
-14
-6
-11
42
39
62
-20
-2
34
67
13
-3
31
37
35
58
-2
76
12
67
46
7
16
13
32
3
32
44
67
25
-17
84
14
30
40
54
25
12
17
75
46
-7
70
26
-17
26
79
49
-10
30
3
32
70
66
62
18
51
1
62
47
26
-2
45
80
73
36
18
49
54
16
33
66
-17
46
19
58
66
27
30
75
22
43
80
5
73
46
50
83
44
-71
-103
121
229
24
6
42
328
-35
188
-36
59
278
77
304
-67
12
-46
117
17
229
314
198
284
292
45
279
179
104
286
166
1
265
94
383
-118
212
204
105
27
145
161
409
72
4
230
60
209
6
54
202
202
272
322
54
63
-63
150
-86
-57
-2
-114
-70
-11
255
352
260
-88
405
259
72
-81
339
-89
85
-86
376
40
32
-36
67
56
-110
230
187
-69
193
138
47
-12
83
344
363
-85
346
325
170
363
21
325
-450
481
456
-391
-311
485
215
-381
-425
434
307
554
-456
564
157
125
0
772
493
147
595
-157
695
485
665
-23
-175
-251
15
456
566
53
616
-67
-200
346
456
-43
70
-152
98
-272
171
397
83
640
-222
319
500
-441
380
425
631
795
523
461
-62
-325
32
-172
-376
-175
431
-421
-457
367
740
826
-53
71
-433
299
-216
37
692
21
-272
276
746
-285
666
672
524
-241
233
11
214
138
132
477
815
819
502
-336
-306
138
145
361
472
-58
72
10
63
65
-13
77
39
18
16
20
-13
-14
-6
-11
42
39
62
-20
-2
34
67
13
-3
31
37
35
58
-2
76
12
67
46
7
16
13
32
3
32
44
67
25
-17
84
14
30
40
54
25
12
17
75
46
-7
70
26
-17
26
79
49
-10
30
3
32
70
66
62
18
51
1
62
47
26
-2
45
80
73
36
18
49
54
16
33
66
-17
46
19
58
66
27
30
75
22
43
80
5
73
46
50
83
44
-71
-103
121
229
24
6
42
328
-35
188
-36
59
278
77
304
-67
12
-46
117
17
229
314
198
284
292
45
279
179
104
286
166
1
265
94
383
-118
212
204
105
27
145
161
409
72
4
230
60
209
6
54
202
202
272
322
54
63
-63
150
-86
-57
-2
-114
-70
-11
255
352
260
-88
405
259
72
-81
339
-89
85
-86
376
40
32
-36
67
56
-110
230
187
-69
193
138
47
-12
83
344
363
-85
346
325
170
363
21
325
-450
481
456
-391
-311
485
215
-381
-425
434
307
554
-456
564
157
125
0
772
493
147
595
-157
695
485
665
-23
-175
-251
15
456
566
53
616
-67
-200
346
456
-43
70
-152
98
-272
171
397
83
640
-222
319
500
-441
380
425
631
795
523
461
-62
-325
32
-172
-376
-175
431
-421
-457
367
740
826
-53
71
-433
299
-216
37
692
21
-272
276
746
-285
666
672
524
-241
233
11
214
138
132
477
815
819
502
-336
-306
138
145
361
472
-58
72
10
63
65
-13
77
39
18
16
20
-13
-14
-6
-11
42
39
62
-20
-2
34
67
13
-3
31
37
35
58
-2
76
12
67
46
7
16
13
32
3
32
44
67
25
-17
84
14
30
40
54
25
12
17
75
46
-7
70
26
-17
26
79
49
-10
30
3
32
70
66
62
18
51
1
62
47
26
-2
45
80
73
36
18
49
54
16
33
66
-17
46
19
58
66
27
30
75
22
43
80
5
73
46
50
83
44
-71
-103
121
229
24
6
42
328
-35
188
-36
59
278
77
304
-67
12
-46
117
17
229
314
198
284
292
45
279
179
104
286
166
1
265
94
383
-118
212
204
105
27
145
161
409
72
4
230
60
209
6
54
202
202
272
322
54
63
-63
150
-86
-57
-2
-114
-70
-11
255
352
260
-88
405
259
72
-81
339
-89
85
-86
376
40
32
-36
67
56
-110
230
187
-69
193
138
47
-12
83
344
363
-85
346
325
170
363
21
325
-450
481
456
-391
-311
485
215
-381
-425
434
307
554
-456
564
157
125
0
772
493
147
595
-157
695
485
665
-23
-175
-251
15
456
566
53
616
-67
-200
346
456
-43
70
-152
98
-272
171
397
83
640
-222
319
500
-441
380
425
631
795
523
461
-62
-325
32
-172
-376
-175
431
-421
-457
367
740
826
-53
71
-433
299
-216
37
692
21
-272
276
746
-285
666
672
524
-241
233
11
214
138
132
477
815
819
502
-336
-306
138
145
361
472
-58
72
10
63
65
-13
77
39
18
16
20
-13
-14
-6
-11
42
39
62
-20
-2
34
67
13
-3
31
37
35
58
-2
76
12
67
46
7
16
13
32
3
32
44
67
25
-17
84
14
30
40
54
25
12
17
75
46
-7
70
26
-17
26
79
49
-10
30
3
32
70
66
62
18
51
1
62
47
26
-2
45
80
73
36
18
49
54
16
33
66
-17
46
19
58
66
27
30
75
22
43
80
5
73
46
50
83
44
-71
-103
121
229
24
6
42
328
-35
188
-36
59
278
77
304
-67
12
-46
117
17
229
314
198
284
292
45
279
179
104
286
166
1
265
94
383
-118
212
204
105
27
145
161
409
72
4
230
60
209
6
54
202
202
272
322
54
63
-63
150
-86
-57
-2
-114
-70
-11
255
352
260
-88
405
259
72
-81
339
-89
85
-86
376
40
32
-36
67
56
-110
230
187
-69
193
138
47
-12
83
344
363
-85
346
325
170
363
21
325
-450
481
456
-391
-311
485
215
-381
-425
434
307
554
-456
564
157
125
0
772
493
147
595
-157
695
485
665
-23
-175
-251
15
456
566
53
616
-67
-200
346
456
-43
70
-152
98
-272
171
397
83
640
-222
319
500
-441
380
425
631
795
523
461
-62
-325
32
-172
-376
-175
431
-421
-457
367
740
826
-53
71
-433
299
-216
37
692
21
-272
276
746
-285
666
672
524
-241
233
11
214
138
132
477
815
819
502
-336
-306
138
145
361
472
-58
72
10
63
65
-13
77
39
18
16
20
-13
-14
-6
-11
42
39
62
-20
-2
34
67
13
-3
31
37
35
58
-2
76
12
67
46
7
16
13
32
3
32
44
67
25
-17
84
14
30
40
54
25
12
17
75
46
-7
70
26
-17
26
79
49
-10
30
3
32
70
66
62
18
51
1
62
47
26
-2
45
80
73
36
18
49
54
16
33
66
-17
46
19
58
66
27
30
75
22
43
80
5
73
46
50
83
44
-71
-103
121
229
24
6
42
328
-35
188
-36
59
278
77
304
-67
12
-46
117
17
229
314
198
284
292
45
279
179
104
286
166
1
265
94
383
-118
212
204
105
27
145
161
409
72
4
230
60
209
6
54
202
202
272
322
54
63
-63
150
-86
-57
-2
-114
-70
-11
255
352
260
-88
405
259
72
-81
339
-89
85
-86
376
40
32
-36
67
56
-110
230
187
-69
193
138
47
-12
83
344
363
-85
346
325
170
363
21
325
-450
481
456
-391
-311
485
215
-381
-425
434
307
554
-456
564
157
125
0
772
493
147
595
-157
695
485
665
-23
-175
-251
15
456
566
53
616
-67
-200
346
456
-43
70
-152
98
-272
171
397
83
640
-222
319
500
-441
380
425
631
795
523
461
-62
-325
32
-172
-376
-175
431
-421
-457
367
740
826
-53
71
-433
299
-216
37
692
21
-272
276
746
-285
666
672
524
-241
233
11
214
138
132
477
815
819
502
-336
-306
138
145
361
472
-58
72
10
63
65
-13
77
39
18
16
20
-13
-14
-6
-11
42
39
62
-20
-2
34
67
13
-3
31
37
35
58
-2
76
12
67
46
7
16
13
32
3
32
44
67
25
-17
84
14
30
40
54
25
12
17
75
46
-7
70
26
-17
26
79
49
-10
30
3
32
70
66
62
18
51
1
62
47
26
-2
45
80
73
36
18
49
54
16
33
66
-17
46
19
58
66
27
30
75
22
43
80
5
73
46
50
83
44
-71
-103
121
229
24
6
42
328
-35
188
-36
59
278
77
304
-67
12
-46
117
17
229
314
198
284
292
45
279
179
104
286
166
1
265
94
383
-118
212
204
105
27
145
161
409
72
4
230
60
209
6
54
202
202
272
322
54
63
-63
150
-86
-57
-2
-114
-70
-11
255
352
260
-88
405
259
72
-81
339
-89
85
-86
376
40
32
-36
67
56
-110
230
187
-69
193
138
47
-12
83
344
363
-85
346
325
170
363
21
325
-450
481
456
-391
-311
485
215
-381
-425
434
307
554
-456
564
157
125
0
772
493
147
595
-157
695
485
665
-23
-175
-251
15
456
566
53
616
-67
-200
346
456
-43
70
-152
98
-272
171
397
83
640
-222
319
500
-441
380
425
631
795
523
461
-62
-325
32
-172
-376
-175
431
-421
-457
367
740
826
-53
71
-433
299
-216
37
692
21
-272
276
746
-285
666
672
524
-241
233
11
214
138
132
477
815
819
502
-336
-306
138
145
361
472
-58
72
10
63
65
-13
77
39
18
16
20
-13
-14
-6
-11
42
39
62
-20
-2
34
67
13
-3
31
37
35
58
-2
76
12
67
46
7
16
13
32
3
32
44
67
25
-17
84
14
30
40
54
25
12
17
75
46
-7
70
26
-17
26
79
49
-10
30
3
32
70
66
62
18
51
1
62
47
26
-2
45
80
73
36
18
49
54
16
33
66
-17
46
19
58
66
27
30
75
22
43
80
5
73
46
50
83
44
-71
-103
121
229
24
6
42
328
-35
188
-36
59
278
77
304
-67
12
-46
117
17
229
314
198
284
292
45
279
179
104
286
166
1
265
94
383
-118
212
204
105
27
145
161
409
72
4
230
60
209
6
54
202
202
272
322
54
63
-63
150
-86
-57
-2
-114
-70
-11
255
352
260
-88
405
259
72
-81
339
-89
85
-86
376
40
32
-36
67
56
-110
230
187
-69
193
138
47
-12
83
344
363
-85
346
325
170
363
21
325
-450
481
456
-391
-311
485
215
-381
-425
434
307
554
-456
564
157
125
0
772
493
147
595
-157
695
485
665
-23
-175
-251
15
456
566
53
616
-67
-200
346
456
-43
70
-152
98
-272
171
397
83
640
-222
319
500
-441
380
425
631
795
523
461
-62
-325
32
-172
-376
-175
431
-421
-457
367
740
826
-53
71
-433
299
-216
37
692
21
-272
276
746
-285
666
672
524
-241
233
11
214
138
132
477
815
819
502
-336
-306
138
145
361
472
-58
72
10
63
65
-13
77
39
18
16
20
-13
-14
-6
-11
42
39
62
-20
-2
34
67
13
-3
31
37
35
58
-2
76
12
67
46
7
16
13
32
3
32
44
67
25
-17
84
14
30
40
54
25
12
17
75
46
-7
70
26
-17
26
79
49
-10
30
3
32
70
66
62
18
51
1
62
47
26
-2
45
80
73
36
18
49
54
16
33
66
-17
46
19
58
66
27
30
75
22
43
80
5
73
46
50
83
44
-71
-103
121
229
24
6
42
328
-35
188
-36
59
278
77
304
-67
12
-46
117
17
229
314
198
284
292
45
279
179
104
286
166
1
265
94
383
-118
212
204
105
27
145
161
409
72
4
230
60
209
6
54
202
202
272
322
54
63
-63
150
-86
-57
-2
-114
-70
-11
255
352
260
-88
405
259
72
-81
339
-89
85
-86
376
40
32
-36
67
56
-110
230
187
-69
193
138
47
-12
83
344
363
-85
346
325
170
363
21
325
-450
481
456
-391
-311
485
215
-381
-425
434
307
554
-456
564
157
125
0
772
493
147
595
-157
695
485
665
-23
-175
-251
15
456
566
53
616
-67
-200
346
456
-43
70
-152
98
-272
171
397
83
640
-222
319
500
-441
380
425
631
795
523
461
-62
-325
32
-172
-376
-175
431
-421
-457
367
740
826
-53
71
-433
299
-216
37
692
21
-272
276
746
-285
666
672
524
-241
233
11
214
138
132
477
815
819
502
-336
-306
138
145
361
472
-58
72
10
63
65
-13
77
39
18
16
20
-13
-14
-6
-11
42
39
62
-20
-2
34
67
13
-3
31
37
35
58
-2
76
12
67
46
7
16
13
32
3
32
44
67
25
-17
84
14
30
40
54
25
12
17
75
46
-7
70
26
-17
26
79
49
-10
30
3
32
70
66
62
18
51
1
62
47
26
-2
45
80
73
36
18
49
54
16
33
66
-17
46
19
58
66
27
30
75
22
43
80
5
73
46
50
83
44
-71
-103
121
229
24
6
42
328
-35
188
-36
59
278
77
304
-67
12
-46
117
17
229
314
198
284
292
45
279
179
104
286
166
1
265
94
383
-118
212
204
105
27
145
161
409
72
4
230
60
209
6
54
202
202
272
322
54
63
-63
150
-86
-57
-2
-114
-70
-11
255
352
260
-88
405
259
72
-81
339
-89
85
-86
376
40
32
-36
67
56
-110
230
187
-69
193
138
47
-12
83
344
363
-85
346
325
170
363
21
325
-450
481
456
-391
-311
485
215
-381
-425
434
307
554
-456
564
157
125
0
772
493
147
595
-157
695
485
665
-23
-175
-251
15
456
566
53
616
-67
-200
346
456
-43
70
-152
98
-272
171
397
83
640
-222
319
500
-441
380
425
631
795
523
461
-62
-325
32
-172
-376
-175
431
-421
-457
367
740
826
-53
71
-433
299
-216
37
692
21
-272
276
746
-285
666
672
524
-241
233
11
214
900
-900
138
132
477
815
819
502
-336
-306
138
145
361
472
-58
752
-457
144
451
-483
534
-681
57
-238
-125
495
32
-551
141
320
-768
34
838
-298
-352
-512
0
-499
341
-204
435
-27
179
-463
610
-872
-646
921
384
391
-159
-159
-469
-223
-591
508
219
583
639
-603
-513
-674
896
-605
-570
71
-798
32
-40
-202
294
533
-534
933
908
-449
541
815
-650
234
-845
767
936
192
-697
-743
-192
-445
-36
-430
285
588
120
691
68
743
819
863
488
353
-771
373
-999
421
210
-740
-584
442
-880
-110
365
-174
675
22
431
643
-964
699
-507
587
557
-538
-516
-855
264
449
416
860
283
925
488
-621
793
156
710
293
-610
984
-659
761
-511
592
159
677
595
177
-391
515
-537
274
-15
714
-691
-891
380
-813
-294
-588
-870
49
-20
844
-648
-839
-686
-764
-579
751
443
-340
425
196
-407
821
-159
-588
-794
-842
-187
-919
-506
-555
846
675
-84
-96
-155
-812
-173
-488
158
-533
711
-172
621
356
233
-269
-397
182
-52
36
562
733
609
512
537
766
-546
-431
-2
-647
120
117
-654
302
-901
-347
-417
589
-702
-851
-910
-518
334
-775
594
-305
-712
-689
-657
-445
43
-22
10
-685
-979
990
-986
473
417
602
630
352
-978
159
-236
-277
148
311
-385
403
-704
-493
-286
-701
-869
-461
856
-113
92
49
-991
54
-521
-565
884
902
807
-841
495
-882
-938
180
524
-524
575
659
196
670
-398
-606
218
908
-131
666
-101
-833
-277
950
-341
-402
-166
896
-847
561
-268
-30
758
-27
-572
-708
-451
178
-673
-233
-566
312
-477
637
680
170
341
-876
-538
-59
-721
547
-848
-327
-325
657
-606
485
-997
-71
152
261
104
881
-913
590
24
563
319
-319
321
23
-115
567
-31
208
685
49
-983
809
460
-935
439
342
-66
-560
-283
368
258
-796
-341
-734
976
38
237
-116
763
-707
144
-81
-86
-519
944
-566
327
756
64
788
897
-345
14
742
-217
-942
-423
-586
-704
411
-205
-113
-856
533
-273
-340
-182
-189
575
-557
615
-864
170
-577
582
-185
-359
155
-646
-131
486
669
910
394
237
92
-939
-474
-806
908
-346
208
-820
-261
-466
317
40
182
372
-98
-744
711
-97
-19
780
633
-70
913
18
407
-6
605
-649
375
970
110
462
-858
-454
-278
953
-41
143
616
-682
-490
930
-42
494
-976
305
-602
845
-710
-812
-10
-648
540
-833
-953
-995
312
201
-966
330
952
642
178
78
251
-495
423
-218
-829
46
-50
615
-946
478
544
-286
-331
47
-53
-301
182
-370
-192
-358
-444
617
381
-865
719
-541
-894
653
-992
-331
-543
-48
601
-807
-999
330
-329
-8
744
971
-528
-95
72
10
63
65
-13
77
39
18
16
20
-13
-14
-6
-11
42
39
62
-20
-2
34
67
13
-3
31
37
35
58
-2
76
12
67
46
7
16
13
32
3
32
44
67
25
-17
84
14
30
40
54
25
12
17
75
46
-7
70
26
-17
26
79
49
-10
30
3
32
70
66
62
18
51
1
62
47
26
-2
45
80
73
36
18
49
54
16
33
66
-17
46
19
58
66
27
30
75
22
43
80
5
73
46
50
83
44
-71
-103
121
229
24
6
42
328
-35
188
-36
59
278
77
304
-67
12
-46
117
17
229
314
198
284
292
45
279
179
104
286
166
1
265
94
383
-118
212
204
105
27
145
161
409
72
4
230
60
209
6
54
202
202
272
322
54
63
-63
150
-86
-57
-2
-114
-70
-11
255
352
260
-88
405
259
72
-81
339
-89
85
-86
376
40
32
-36
67
56
-110
230
187
-69
193
138
47
-12
83
344
363
-85
346
325
170
363
21
325
-450
481
456
-391
-311
485
215
-381
-425
434
307
554
-456
564
157
125
0
772
493
147
595
-157
695
485
665
-23
-175
-251
15
456
566
53
616
-67
-200
346
456
-43
70
-152
98
-272
171
397
83
640
-222
319
500
-441
380
425
631
795
523
461
-62
-325
32
-172
-376
-175
431
-421
-457
367
740
826
-53
71
-433
299
-216
37
692
21
-272
276
746
-285
666
672
524
-241
233
11
214
138
132
477
815
819
502
-336
-306
138
145
361
472
-58
72
10
63
65
-13
77
39
18
16
20
-13
-14
-6
-11
42
39
62
-20
-2
34
67
13
-3
31
37
35
58
-2
76
12
67
46
7
16
13
32
3
32
44
67
25
-17
84
14
30
40
54
25
12
17
75
46
-7
70
26
-17
26
79
49
-10
30
3
32
70
66
62
18
51
1
62
47
26
-2
45
80
73
36
18
49
54
16
33
66
-17
46
19
58
66
27
30
75
22
43
80
5
73
46
50
83
44
-71
-103
121
229
24
6
42
328
-35
188
-36
59
278
77
304
-67
12
-46
117
17
229
314
198
284
292
45
279
179
104
286
166
1
265
94
383
-118
212
204
105
27
145
161
409
72
4
230
60
209
6
54
202
202
272
322
54
63
-63
150
-86
-57
-2
-114
-70
-11
255
352
260
-88
405
259
72
-81
339
-89
85
-86
376
40
32
-36
67
56
-110
230
187
-69
193
138
47
-12
83
344
363
-85
346
325
170
363
21
325
-450
481
456
-391
-311
485
215
-381
-425
434
307
554
-456
564
157
125
0
772
493
147
595
-157
695
485
665
-23
-175
-251
15
456
566
53
616
-67
-200
346
456
-43
70
-152
98
-272
171
397
83
640
-222
319
500
-441
380
425
631
795
523
461
-62
-325
32
-172
-376
-175
431
-421
-457
367
740
826
-53
71
-433
299
-216
37
692
21
-272
276
746
-285
666
672
524
-241
233
11
214
138
132
477
815
819
502
-336
-306
138
145
361
472
-58
72
10
63
65
-13
77
39
18
16
20
-13
-14
-6
-11
42
39
62
-20
-2
34
67
13
-3
31
37
35
58
-2
76
12
67
46
7
16
13
32
3
32
44
67
25
-17
84
14
30
40
54
25
12
17
75
46
-7
70
26
-17
26
79
49
-10
30
3
32
70
66
62
18
51
1
62
47
26
-2
45
80
73
36
18
49
54
16
33
66
-17
46
19
58
66
27
30
75
22
43
80
5
73
46
50
83
44
-71
-103
121
229
24
6
42
328
-35
188
-36
59
278
77
304
-67
12
-46
117
17
229
314
198
284
292
45
279
179
104
286
166
1
265
94
383
-118
212
204
105
27
145
161
409
72
4
230
60
209
6
54
202
202
272
322
54
63
-63
150
-86
-57
-2
-114
-70
-11
255
352
260
-88
405
259
72
-81
339
-89
85
-86
376
40
32
-36
67
56
-110
230
187
-69
193
138
47
-12
83
344
363
-85
346
325
170
363
21
325
-450
481
456
-391
-311
485
215
-381
-425
434
307
554
-456
564
157
125
0
772
493
147
595
-157
695
485
665
-23
-175
-251
15
456
566
53
616
-67
-200
346
456
-43
70
-152
98
-272
171
397
83
640
-222
319
500
-441
380
425
631
795
523
461
-62
-325
32
-172
-376
-175
431
-421
-457
367
740
826
-53
71
-433
299
-216
37
692
21
-272
276
746
-285
666
672
524
-241
233
11
214
138
132
477
815
819
502
-336
-306
138
145
361
472
-58
72
10
63
65
-13
77
39
18
16
20
-13
-14
-6
-11
42
39
62
-20
-2
34
67
13
-3
31
37
35
58
-2
76
12
67
46
7
16
13
32
3
32
44
67
25
-17
84
14
30
40
54
25
12
17
75
46
-7
70
26
-17
26
79
49
-10
30
3
32
70
66
62
18
51
1
62
47
26
-2
45
80
73
36
18
49
54
16
33
66
-17
46
19
58
66
27
30
75
22
43
80
5
73
46
50
83
44
-71
-103
121
229
24
6
42
328
-35
188
-36
59
278
77
304
-67
12
-46
117
17
229
314
198
284
292
45
279
179
104
286
166
1
265
94
383
-118
212
204
105
27
145
161
409
72
4
230
60
209
6
54
202
202
272
322
54
63
-63
150
-86
-57
-2
-114
-70
-11
255
352
260
-88
405
259
72
-81
339
-89
85
-86
376
40
32
-36
67
56
-110
230
187
-69
193
138
47
-12
83
344
363
-85
346
325
170
363
21
325
-450
481
456
-391
-311
485
215
-381
-425
434
307
554
-456
564
157
125
0
772
493
147
595
-157
695
485
665
-23
-175
-251
15
456
566
53
616
-67
-200
346
456
-43
70
-152
98
-272
171
397
83
640
-222
319
500
-441
380
425
631
795
523
461
-62
-325
32
-172
-376
-175
431
-421
-457
367
740
826
-53
71
-433
299
-216
37
692
21
-272
276
746
-285
666
672
524
-241
233
11
214
138
132
477
815
819
502
-336
-306
138
145
361
472
-58
72
10
63
65
-13
77
39
18
16
20
-13
-14
-6
-11
42
39
62
-20
-2
34
67
13
-3
31
37
35
58
-2
76
12
67
46
7
16
13
32
3
32
44
67
25
-17
84
14
30
40
54
25
12
17
75
46
-7
70
26
-17
26
79
49
-10
30
3
32
70
66
62
18
51
1
62
47
26
-2
45
80
73
36
18
49
54
16
33
66
-17
46
19
58
66
27
30
75
22
43
80
5
73
46
50
83
44
-71
-103
121
229
24
6
42
328
-35
188
-36
59
278
77
304
-67
12
-46
117
17
229
314
198
284
292
45
279
179
104
286
166
1
265
94
383
-118
212
204
105
27
145
161
409
72
4
230
60
209
6
54
202
202
272
322
54
63
-63
150
-86
-57
-2
-114
-70
-11
255
352
260
-88
405
259
72
-81
339
-89
85
-86
376
40
32
-36
67
56
-110
230
187
-69
193
138
47
-12
83
344
363
-85
346
325
170
363
21
325
-450
481
456
-391
-311
485
215
-381
-425
434
307
554
-456
564
157
125
0
772
493
147
595
-157
695
485
665
-23
-175
-251
15
456
566
53
616
-67
-200
346
456
-43
70
-152
98
-272
171
397
83
640
-222
319
500
-441
380
425
631
795
523
461
-62
-325
32
-172
-376
-175
431
-421
-457
367
740
826
-53
71
-433
299
-216
37
692
21
-272
276
746
-285
666
672
524
-241
233
11
214
138
132
477
815
819
502
-336
-306
138
145
361
472
-58
72
10
63
65
-13
77
39
18
16
20
-13
-14
-6
-11
42
39
62
-20
-2
34
67
13
-3
31
37
35
58
-2
76
12
67
46
7
16
13
32
3
32
44
67
25
-17
84
14
30
40
54
25
12
17
75
46
-7
70
26
-17
26
79
49
-10
30
3
32
70
66
62
18
51
1
62
47
26
-2
45
80
73
36
18
49
54
16
33
66
-17
46
19
58
66
27
30
75
22
43
80
5
73
46
50
83
44
-71
-103
121
229
24
6
42
328
-35
188
-36
59
278
77
304
-67
12
-46
117
17
229
314
198
284
292
45
279
179
104
286
166
1
265
94
383
-118
212
204
105
27
145
161
409
72
4
230
60
209
6
54
202
202
272
322
54
63
-63
150
-86
-57
-2
-114
-70
-11
255
352
260
-88
405
259
72
-81
339
-89
85
-86
376
40
32
-36
67
56
-110
230
187
-69
193
138
47
-12
83
344
363
-85
346
325
170
363
21
325
-450
481
456
-391
-311
485
215
-381
-425
434
307
554
-456
564
157
125
0
772
493
147
595
-157
695
485
665
-23
-175
-251
15
456
566
53
616
-67
-200
346
456
-43
70
-152
98
-272
171
397
83
640
-222
319
500
-441
380
425
631
795
523
461
-62
-325
32
-172
-376
-175
431
-421
-457
367
740
826
-53
71
-433
299
-216
37
692
21
-272
276
746
-285
666
672
524
-241
233
11
214
138
132
477
815
819
502
-336
-306
138
145
361
472
-58
72
10
63
65
-13
77
39
18
16
20
-13
-14
-6
-11
42
39
62
-20
-2
34
67
13
-3
31
37
35
58
-2
76
12
67
46
7
16
13
32
3
32
44
67
25
-17
84
14
30
40
54
25
12
17
75
46
-7
70
26
-17
26
79
49
-10
30
3
32
70
66
62
18
51
1
62
47
26
-2
45
80
73
36
18
49
54
16
33
66
-17
46
19
58
66
27
30
75
22
43
80
5
73
46
50
83
44
-71
-103
121
229
24
6
42
328
-35
188
-36
59
278
77
304
-67
12
-46
117
17
229
314
198
284
292
45
279
179
104
286
166
1
265
94
383
-118
212
204
105
27
145
161
409
72
4
230
60
209
6
54
202
202
272
322
54
63
-63
150
-86
-57
-2
-114
-70
-11
255
352
260
-88
405
259
72
-81
339
-89
85
-86
376
40
32
-36
67
56
-110
230
187
-69
193
138
47
-12
83
344
363
-85
346
325
170
363
21
325
-450
481
456
-391
-311
485
215
-381
-425
434
307
554
-456
564
157
125
0
772
493
147
595
-157
695
485
665
-23
-175
-251
15
456
566
53
616
-67
-200
346
456
-43
70
-152
98
-272
171
397
83
640
-222
319
500
-441
380
425
631
795
523
461
-62
-325
32
-172
-376
-175
431
-421
-457
367
740
826
-53
71
-433
299
-216
37
692
21
-272
276
746
-285
666
672
524
-241
233
11
214
138
132
477
815
819
502
-336
-306
138
145
361
472
-58
72
10
63
65
-13
77
39
18
16
20
-13
-14
-6
-11
42
39
62
-20
-2
34
67
13
-3
31
37
35
58
-2
76
12
67
46
7
16
13
32
3
32
44
67
25
-17
84
14
30
40
54
25
12
17
75
46
-7
70
26
-17
26
79
49
-10
30
3
32
70
66
62
18
51
1
62
47
26
-2
45
80
73
36
18
49
54
16
33
66
-17
46
19
58
66
27
30
75
22
43
80
5
73
46
50
83
44
-71
-103
121
229
24
6
42
328
-35
188
-36
59
278
77
304
-67
12
-46
117
17
229
314
198
284
292
45
279
179
104
286
166
1
265
94
383
-118
212
204
105
27
145
161
409
72
4
230
60
209
6
54
202
202
272
322
54
63
-63
150
-86
-57
-2
-114
-70
-11
255
352
260
-88
405
259
72
-81
339
-89
85
-86
376
40
32
-36
67
56
-110
230
187
-69
193
138
47
-12
83
344
363
-85
346
325
170
363
21
325
-450
481
456
-391
-311
485
215
-381
-425
434
307
554
-456
564
157
125
0
772
493
147
595
-157
695
485
665
-23
-175
-251
15
456
566
53
616
-67
-200
346
456
-43
70
-152
98
-272
171
397
83
640
-222
319
500
-441
380
425
631
795
523
461
-62
-325
32
-172
-376
-175
431
-421
-457
367
740
826
-53
71
-433
299
-216
37
692
21
-272
276
746
-285
666
672
524
-241
233
11
214
138
132
477
815
819
502
-336
-306
138
145
361
472
-58
72
10
63
65
-13
77
39
18
16
20
-13
-14
-6
-11
42
39
62
-20
-2
34
67
13
-3
31
37
35
58
-2
76
12
67
46
7
16
13
32
3
32
44
67
25
-17
84
14
30
40
54
25
12
17
75
46
-7
70
26
-17
26
79
49
-10
30
3
32
70
66
62
18
51
1
62
47
26
-2
45
80
73
36
18
49
54
16
33
66
-17
46
19
58
66
27
30
75
22
43
80
5
73
46
50
83
44
-71
-103
121
229
24
6
42
328
-35
188
-36
59
278
77
304
-67
12
-46
117
17
229
314
198
284
292
45
279
179
104
286
166
1
265
94
383
-118
212
204
105
27
145
161
409
72
4
230
60
209
6
54
202
202
272
322
54
63
-63
150
-86
-57
-2
-114
-70
-11
255
352
260
-88
405
259
72
-81
339
-89
85
-86
376
40
32
-36
67
56
-110
230
187
-69
193
138
47
-12
83
344
363
-85
346
325
170
363
21
325
-450
481
456
-391
-311
485
215
-381
-425
434
307
554
-456
564
157
125
0
772
493
147
595
-157
695
485
665
-23
-175
-251
15
456
566
53
616
-67
-200
346
456
-43
70
-152
98
-272
171
397
83
640
-222
319
500
-441
380
425
631
795
523
461
-62
-325
32
-172
-376
-175
431
-421
-457
367
740
826
-53
71
-433
299
-216
37
692
21
-272
276
746
-285
666
672
524
-241
233
11
214
900
-900
138
132
477
815
819
502
-336
-306
138
145
361
472
-58
752
-457
144
451
-483
534
-681
57
-238
-125
495
32
-551
141
320
-768
34
838
-298
-352
-512
0
-499
341
-204
435
-27
179
-463
610
-872
-646
921
384
391
-159
-159
-469
-223
-591
508
219
583
639
-603
-513
-674
896
-605
-570
71
-798
32
-40
-202
294
533
-534
933
908
-449
541
815
-650
234
-845
767
936
192
-697
-743
-192
-445
-36
-430
285
588
120
691
68
743
819
863
488
353
-771
373
-999
421
210
-740
-584
442
-880
-110
365
-174
675
22
431
643
-964
699
-507
587
557
-538
-516
-855
264
449
416
860
283
925
488
-621
793
156
710
293
-610
984
-659
761
-511
592
159
677
595
177
-391
515
-537
274
-15
714
-691
-891
380
-813
-294
-588
-870
49
-20
844
-648
-839
-686
-764
-579
751
443
-340
425
196
-407
821
-159
-588
-794
-842
-187
-919
-506
-555
846
675
-84
-96
-155
-812
-173
-488
158
-533
711
-172
621
356
233
-269
-397
182
-52
36
562
733
609
512
537
766
-546
-431
-2
-647
120
117
-654
302
-901
-347
-417
589
-702
-851
-910
-518
334
-775
594
-305
-712
-689
-657
-445
43
-22
10
-685
-979
990
-986
473
417
602
630
352
-978
159
-236
-277
148
311
-385
403
-704
-493
-286
-701
-869
-461
856
-113
92
49
-991
54
-521
-565
884
902
807
-841
495
-882
-938
180
524
-524
575
659
196
670
-398
-606
218
908
-131
666
-101
-833
-277
950
-341
-402
-166
896
-847
561
-268
-30
758
-27
-572
-708
-451
178
-673
-233
-566
312
-477
637
680
170
341
-876
-538
-59
-721
547
-848
-327
-325
657
-606
485
-997
-71
152
261
104
881
-913
590
24
563
319
-319
321
23
-115
567
-31
208
685
49
-983
809
460
-935
439
342
-66
-560
-283
368
258
-796
-341
-734
976
38
237
-116
763
-707
144
-81
-86
-519
944
-566
327
756
64
788
897
-345
14
742
-217
-942
-423
-586
-704
411
-205
-113
-856
533
-273
-340
-182
-189
575
-557
615
-864
170
-577
582
-185
-359
155
-646
-131
486
669
910
394
237
92
-939
-474
-806
908
-346
208
-820
-261
-466
317
40
182
372
-98
-744
711
-97
-19
780
633
-70
913
18
407
-6
605
-649
375
970
110
462
-858
-454
-278
953
-41
143
616
-682
-490
930
-42
494
-976
305
-602
845
-710
-812
-10
-648
540
-833
-953
-995
312
201
-966
330
952
642
178
78
251
-495
423
-218
-829
46
-50
615
-946
478
544
-286
-331
47
-53
-301
182
-370
-192
-358
-444
617
381
-865
719
-541
-894
653
-992
-331
-543
-48
601
-807
-999
330
-329
-8
744
971
-528
-95
72
10
63
65
-13
77
39
18
16
20
-13
-14
-6
-11
42
39
62
-20
-2
34
67
13
-3
31
37
35
58
-2
76
12
67
46
7
16
13
32
3
32
44
67
25
-17
84
14
30
40
54
25
12
17
75
46
-7
70
26
-17
26
79
49
-10
30
3
32
70
66
62
18
51
1
62
47
26
-2
45
80
73
36
18
49
54
16
33
66
-17
46
19
58
66
27
30
75
22
43
80
5
73
46
50
83
44
-71
-103
121
229
24
6
42
328
-35
188
-36
59
278
77
304
-67
12
-46
117
17
229
314
198
284
292
45
279
179
104
286
166
1
265
94
383
-118
212
204
105
27
145
161
409
72
4
230
60
209
6
54
202
202
272
322
54
63
-63
150
-86
-57
-2
-114
-70
-11
255
352
260
-88
405
259
72
-81
339
-89
85
-86
376
40
32
-36
67
56
-110
230
187
-69
193
138
47
-12
83
344
363
-85
346
325
170
363
21
325
-450
481
456
-391
-311
485
215
-381
-425
434
307
554
-456
564
157
125
0
772
493
147
595
-157
695
485
665
-23
-175
-251
15
456
566
53
616
-67
-200
346
456
-43
70
-152
98
-272
171
397
83
640
-222
319
500
-441
380
425
631
795
523
461
-62
-325
32
-172
-376
-175
431
-421
-457
367
740
826
-53
71
-433
299
-216
37
692
21
-272
276
746
-285
666
672
524
-241
233
11
214
138
132
477
815
819
502
-336
-306
138
145
361
472
-58
72
10
63
65
-13
77
39
18
16
20
-13
-14
-6
-11
42
39
62
-20
-2
34
67
13
-3
31
37
35
58
-2
76
12
67
46
7
16
13
32
3
32
44
67
25
-17
84
14
30
40
54
25
12
17
75
46
-7
70
26
-17
26
79
49
-10
30
3
32
70
66
62
18
51
1
62
47
26
-2
45
80
73
36
18
49
54
16
33
66
-17
46
19
58
66
27
30
75
22
43
80
5
73
46
50
83
44
-71
-103
121
229
24
6
42
328
-35
188
-36
59
278
77
304
-67
12
-46
117
17
229
314
198
284
292
45
279
179
104
286
166
1
265
94
383
-118
212
204
105
27
145
161
409
72
4
230
60
209
6
54
202
202
272
322
54
63
-63
150
-86
-57
-2
-114
-70
-11
255
352
260
-88
405
259
72
-81
339
-89
85
-86
376
40
32
-36
67
56
-110
230
187
-69
193
138
47
-12
83
344
363
-85
346
325
170
363
21
325
-450
481
456
-391
-311
485
215
-381
-425
434
307
554
-456
564
157
125
0
772
493
147
595
-157
695
485
665
-23
-175
-251
15
456
566
53
616
-67
-200
346
456
-43
70
-152
98
-272
171
397
83
640
-222
319
500
-441
380
425
631
795
523
461
-62
-325
32
-172
-376
-175
431
-421
-457
367
740
826
-53
71
-433
299
-216
37
692
21
-272
276
746
-285
666
672
524
-241
233
11
214
138
132
477
815
819
502
-336
-306
138
145
361
472
-58
72
10
63
65
-13
77
39
18
16
20
-13
-14
-6
-11
42
39
62
-20
-2
34
67
13
-3
31
37
35
58
-2
76
12
67
46
7
16
13
32
3
32
44
67
25
-17
84
14
30
40
54
25
12
17
75
46
-7
70
26
-17
26
79
49
-10
30
3
32
70
66
62
18
51
1
62
47
26
-2
45
80
73
36
18
49
54
16
33
66
-17
46
19
58
66
27
30
75
22
43
80
5
73
46
50
83
44
-71
-103
121
229
24
6
42
328
-35
188
-36
59
278
77
304
-67
12
-46
117
17
229
314
198
284
292
45
279
179
104
286
166
1
265
94
383
-118
212
204
105
27
145
161
409
72
4
230
60
209
6
54
202
202
272
322
54
63
-63
150
-86
-57
-2
-114
-70
-11
255
352
260
-88
405
259
72
-81
339
-89
85
-86
376
40
32
-36
67
56
-110
230
187
-69
193
138
47
-12
83
344
363
-85
346
325
170
363
21
325
-450
481
456
-391
-311
485
215
-381
-425
434
307
554
-456
564
157
125
0
772
493
147
595
-157
695
485
665
-23
-175
-251
15
456
566
53
616
-67
-200
346
456
-43
70
-152
98
-272
171
397
83
640
-222
319
500
-441
380
425
631
795
523
461
-62
-325
32
-172
-376
-175
431
-421
-457
367
740
826
-53
71
-433
299
-216
37
692
21
-272
276
746
-285
666
672
524
-241
233
11
214
138
132
477
815
819
502
-336
-306
138
145
361
472
-58
72
10
63
65
-13
77
39
18
16
20
-13
-14
-6
-11
42
39
62
-20
-2
34
67
13
-3
31
37
35
58
-2
76
12
67
46
7
16
13
32
3
32
44
67
25
-17
84
14
30
40
54
25
12
17
75
46
-7
70
26
-17
26
79
49
-10
30
3
32
70
66
62
18
51
1
62
47
26
-2
45
80
73
36
18
49
54
16
33
66
-17
46
19
58
66
27
30
75
22
43
80
5
73
46
50
83
44
-71
-103
121
229
24
6
42
328
-35
188
-36
59
278
77
304
-67
12
-46
117
17
229
314
198
284
292
45
279
179
104
286
166
1
265
94
383
-118
212
204
105
27
145
161
409
72
4
230
60
209
6
54
202
202
272
322
54
63
-63
150
-86
-57
-2
-114
-70
-11
255
352
260
-88
405
259
72
-81
339
-89
85
-86
376
40
32
-36
67
56
-110
230
187
-69
193
138
47
-12
83
344
363
-85
346
325
170
363
21
325
-450
481
456
-391
-311
485
215
-381
-425
434
307
554
-456
564
157
125
0
772
493
147
595
-157
695
485
665
-23
-175
-251
15
456
566
53
616
-67
-200
346
456
-43
70
-152
98
-272
171
397
83
640
-222
319
500
-441
380
425
631
795
523
461
-62
-325
32
-172
-376
-175
431
-421
-457
367
740
826
-53
71
-433
299
-216
37
692
21
-272
276
746
-285
666
672
524
-241
233
11
214
138
132
477
815
819
502
-336
-306
138
145
361
472
-58
72
10
63
65
-13
77
39
18
16
20
-13
-14
-6
-11
42
39
62
-20
-2
34
67
13
-3
31
37
35
58
-2
76
12
67
46
7
16
13
32
3
32
44
67
25
-17
84
14
30
40
54
25
12
17
75
46
-7
70
26
-17
26
79
49
-10
30
3
32
70
66
62
18
51
1
62
47
26
-2
45
80
73
36
18
49
54
16
33
66
-17
46
19
58
66
27
30
75
22
43
80
5
73
46
50
83
44
-71
-103
121
229
24
6
42
328
-35
188
-36
59
278
77
304
-67
12
-46
117
17
229
314
198
284
292
45
279
179
104
286
166
1
265
94
383
-118
212
204
105
27
145
161
409
72
4
230
60
209
6
54
202
202
272
322
54
63
-63
150
-86
-57
-2
-114
-70
-11
255
352
260
-88
405
259
72
-81
339
-89
85
-86
376
40
32
-36
67
56
-110
230
187
-69
193
138
47
-12
83
344
363
-85
346
325
170
363
21
325
-450
481
456
-391
-311
485
215
-381
-425
434
307
554
-456
564
157
125
0
772
493
147
595
-157
695
485
665
-23
-175
-251
15
456
566
53
616
-67
-200
346
456
-43
70
-152
98
-272
171
397
83
640
-222
319
500
-441
380
425
631
795
523
461
-62
-325
32
-172
-376
-175
431
-421
-457
367
740
826
-53
71
-433
299
-216
37
692
21
-272
276
746
-285
666
672
524
-241
233
11
214
138
132
477
815
819
502
-336
-306
138
145
361
472
-58
72
10
63
65
-13
77
39
18
16
20
-13
-14
-6
-11
42
39
62
-20
-2
34
67
13
-3
31
37
35
58
-2
76
12
67
46
7
16
13
32
3
32
44
67
25
-17
84
14
30
40
54
25
12
17
75
46
-7
70
26
-17
26
79
49
-10
30
3
32
70
66
62
18
51
1
62
47
26
-2
45
80
73
36
18
49
54
16
33
66
-17
46
19
58
66
27
30
75
22
43
80
5
73
46
50
83
44
-71
-103
121
229
24
6
42
328
-35
188
-36
59
278
77
304
-67
12
-46
117
17
229
314
198
284
292
45
279
179
104
286
166
1
265
94
383
-118
212
204
105
27
145
161
409
72
4
230
60
209
6
54
202
202
272
322
54
63
-63
150
-86
-57
-2
-114
-70
-11
255
352
260
-88
405
259
72
-81
339
-89
85
-86
376
40
32
-36
67
56
-110
230
187
-69
193
138
47
-12
83
344
363
-85
346
325
170
363
21
325
-450
481
456
-391
-311
485
215
-381
-425
434
307
554
-456
564
157
125
0
772
493
147
595
-157
695
485
665
-23
-175
-251
15
456
566
53
616
-67
-200
346
456
-43
70
-152
98
-272
171
397
83
640
-222
319
500
-441
380
425
631
795
523
461
-62
-325
32
-172
-376
-175
431
-421
-457
367
740
826
-53
71
-433
299
-216
37
692
21
-272
276
746
-285
666
672
524
-241
233
11
214
138
132
477
815
819
502
-336
-306
138
145
361
472
-58
72
10
63
65
-13
77
39
18
16
20
-13
-14
-6
-11
42
39
62
-20
-2
34
67
13
-3
31
37
35
58
-2
76
12
67
46
7
16
13
32
3
32
44
67
25
-17
84
14
30
40
54
25
12
17
75
46
-7
70
26
-17
26
79
49
-10
30
3
32
70
66
62
18
51
1
62
47
26
-2
45
80
73
36
18
49
54
16
33
66
-17
46
19
58
66
27
30
75
22
43
80
5
73
46
50
83
44
-71
-103
121
229
24
6
42
328
-35
188
-36
59
278
77
304
-67
12
-46
117
17
229
314
198
284
292
45
279
179
104
286
166
1
265
94
383
-118
212
204
105
27
145
161
409
72
4
230
60
209
6
54
202
202
272
322
54
63
-63
150
-86
-57
-2
-114
-70
-11
255
352
260
-88
405
259
72
-81
339
-89
85
-86
376
40
32
-36
67
56
-110
230
187
-69
193
138
47
-12
83
344
363
-85
346
325
170
363
21
325
-450
481
456
-391
-311
485
215
-381
-425
434
307
554
-456
564
157
125
0
772
493
147
595
-157
695
485
665
-23
-175
-251
15
456
566
53
616
-67
-200
346
456
-43
70
-152
98
-272
171
397
83
640
-222
319
500
-441
380
425
631
795
523
461
-62
-325
32
-172
-376
-175
431
-421
-457
367
740
826
-53
71
-433
299
-216
37
692
21
-272
276
746
-285
666
672
524
-241
233
11
214
138
132
477
815
819
502
-336
-306
138
145
361
472
-58
72
10
63
65
-13
77
39
18
16
20
-13
-14
-6
-11
42
39
62
-20
-2
34
67
13
-3
31
37
35
58
-2
76
12
67
46
7
16
13
32
3
32
44
67
25
-17
84
14
30
40
54
25
12
17
75
46
-7
70
26
-17
26
79
49
-10
30
3
32
70
66
62
18
51
1
62
47
26
-2
45
80
73
36
18
49
54
16
33
66
-17
46
19
58
66
27
30
75
22
43
80
5
73
46
50
83
44
-71
-103
121
229
24
6
42
328
-35
188
-36
59
278
77
304
-67
12
-46
117
17
229
314
198
284
292
45
279
179
104
286
166
1
265
94
383
-118
212
204
105
27
145
161
409
72
4
230
60
209
6
54
202
202
272
322
54
63
-63
150
-86
-57
-2
-114
-70
-11
255
352
260
-88
405
259
72
-81
339
-89
85
-86
376
40
32
-36
67
56
-110
230
187
-69
193
138
47
-12
83
344
363
-85
346
325
170
363
21
325
-450
481
456
-391
-311
485
215
-381
-425
434
307
554
-456
564
157
125
0
772
493
147
595
-157
695
485
665
-23
-175
-251
15
456
566
53
616
-67
-200
346
456
-43
70
-152
98
-272
171
397
83
640
-222
319
500
-441
380
425
631
795
523
461
-62
-325
32
-172
-376
-175
431
-421
-457
367
740
826
-53
71
-433
299
-216
37
692
21
-272
276
746
-285
666
672
524
-241
233
11
214
138
132
477
815
819
502
-336
-306
138
145
361
472
-58
72
10
63
65
-13
77
39
18
16
20
-13
-14
-6
-11
42
39
62
-20
-2
34
67
13
-3
31
37
35
58
-2
76
12
67
46
7
16
13
32
3
32
44
67
25
-17
84
14
30
40
54
25
12
17
75
46
-7
70
26
-17
26
79
49
-10
30
3
32
70
66
62
18
51
1
62
47
26
-2
45
80
73
36
18
49
54
16
33
66
-17
46
19
58
66
27
30
75
22
43
80
5
73
46
50
83
44
-71
-103
121
229
24
6
42
328
-35
188
-36
59
278
77
304
-67
12
-46
117
17
229
314
198
284
292
45
279
179
104
286
166
1
265
94
383
-118
212
204
105
27
145
161
409
72
4
230
60
209
6
54
202
202
272
322
54
63
-63
150
-86
-57
-2
-114
-70
-11
255
352
260
-88
405
259
72
-81
339
-89
85
-86
376
40
32
-36
67
56
-110
230
187
-69
193
138
47
-12
83
344
363
-85
346
325
170
363
21
325
-450
481
456
-391
-311
485
215
-381
-425
434
307
554
-456
564
157
125
0
772
493
147
595
-157
695
485
665
-23
-175
-251
15
456
566
53
616
-67
-200
346
456
-43
70
-152
98
-272
171
397
83
640
-222
319
500
-441
380
425
631
795
523
461
-62
-325
32
-172
-376
-175
431
-421
-457
367
740
826
-53
71
-433
299
-216
37
692
21
-272
276
746
-285
666
672
524
-241
233
11
214
900
-900
138
132
477
815
819
502
-336
-306
138
145
361
472
-58
752
-457
144
451
-483
534
-681
57
-238
-125
495
32
-551
141
320
-768
34
838
-298
-352
-512
0
-499
341
-204
435
-27
179
-463
610
-872
-646
921
384
391
-159
-159
-469
-223
-591
508
219
583
639
-603
-513
-674
896
-605
-570
71
-798
32
-40
-202
294
533
-534
933
908
-449
541
815
-650
234
-845
767
936
192
-697
-743
-192
-445
-36
-430
285
588
120
691
68
743
819
863
488
353
-771
373
-999
421
210
-740
-584
442
-880
-110
365
-174
675
22
431
643
-964
699
-507
587
557
-538
-516
-855
264
449
416
860
283
925
488
-621
793
156
710
293
-610
984
-659
761
-511
592
159
677
595
177
-391
515
-537
274
-15
714
-691
-891
380
-813
-294
-588
-870
49
-20
844
-648
-839
-686
-764
-579
751
443
-340
425
196
-407
821
-159
-588
-794
-842
-187
-919
-506
-555
846
675
-84
-96
-155
-812
-173
-488
158
-533
711
-172
621
356
233
-269
-397
182
-52
36
562
733
609
512
537
766
-546
-431
-2
-647
120
117
-654
302
-901
-347
-417
589
-702
-851
-910
-518
334
-775
594
-305
-712
-689
-657
-445
43
-22
10
-685
-979
990
-986
473
417
602
630
352
-978
159
-236
-277
148
311
-385
403
-704
-493
-286
-701
-869
-461
856
-113
92
49
-991
54
-521
-565
884
902
807
-841
495
-882
-938
180
524
-524
575
659
196
670
-398
-606
218
908
-131
666
-101
-833
-277
950
-341
-402
-166
896
-847
561
-268
-30
758
-27
-572
-708
-451
178
-673
-233
-566
312
-477
637
680
170
341
-876
-538
-59
-721
547
-848
-327
-325
657
-606
485
-997
-71
152
261
104
881
-913
590
24
563
319
-319
321
23
-115
567
-31
208
685
49
-983
809
460
-935
439
342
-66
-560
-283
368
258
-796
-341
-734
976
38
237
-116
763
-707
144
-81
-86
-519
944
-566
327
756
64
788
897
-345
14
742
-217
-942
-423
-586
-704
411
-205
-113
-856
533
-273
-340
-182
-189
575
-557
615
-864
170
-577
582
-185
-359
155
-646
-131
486
669
910
394
237
92
-939
-474
-806
908
-346
208
-820
-261
-466
317
40
182
372
-98
-744
711
-97
-19
780
633
-70
913
18
407
-6
605
-649
375
970
110
462
-858
-454
-278
953
-41
143
616
-682
-490
930
-42
494
-976
305
-602
845
-710
-812
-10
-648
540
-833
-953
-995
312
201
-966
330
952
642
178
78
251
-495
423
-218
-829
46
-50
615
-946
478
544
-286
-331
47
-53
-301
182
-370
-192
-358
-444
617
381
-865
719
-541
-894
653
-992
-331
-543
-48
601
-807
-999
330
-329
-8
744
971
-528
-95